#
100   736869.0528243   -129.9956   45.9396   0.87
 511452     740013.4210918  -129.9728    45.9283    1.214
AS1A  U         63.3448         63.3448       2641.4561        3716.7920
AS2A  U         38.9596         38.9596        470.1676         949.8790
CC1A  D         74.8127         74.8127        352.3164        1490.0702
EC1A  U         45.4696         45.4696       1546.3133        3853.7119
EC2A  U         40.5981         40.5981       3092.8947        6827.1416
EC3A  D         53.3905         53.3905       9159.5951       27132.6584
ID1A  D         82.0361         82.0361      13210.9846       14042.3683
 1074512     736037.8801940  -130.0231    45.9736    0.382
AS1B  U        176.2570        176.2570        494.9823        3684.8185
AS2B  U        190.7397        190.7397        569.7706        2820.7164
CC1B  D        170.7069        170.7069       1580.9265        9447.6213
EC2B  U        137.4830        137.4830        417.8436        2816.2897
EC3B  D        186.7755        186.7755        521.5453        4407.3537
ID1B  D          1.0000          1.0000          1.0000           1.0000
 1501780     736078.1668002  -130.0115    45.9390    0.552
AS1C  U         76.6346         76.6346        216.4919         560.1272
AS2C  U         90.1505         90.1505       1028.6177        2065.9973
CC1C  D         76.1019         76.1019        103.3442         246.5682
EC1C  U         40.2565         40.2565         82.5419         534.0277
EC2C  U         35.9496         35.9496        115.9412         484.5024
EC3C  D         61.2397         61.2397        120.1085         696.6047
 1109512     736056.0878681  -129.9839    45.9332    1.092
AS1D  U         37.0058         37.0058       1194.7998        5315.5827
AS2D  U         40.7075         40.7075        117.3623         752.3626
CC1D  D         88.2379         88.2379         97.0870         303.8276
EC1D  U         42.9506         42.9506        558.3013        3325.7511
EC2D  U         31.3784         31.3784        798.4490        3288.4466
EC3D  D         44.7675         44.7675       1301.8917       16490.5934
ID1D  D         36.2581         36.2581        992.2970        1893.3319
 1327642     737901.6249438  -130.0155    45.9383    0.804
AS1E  U         18.9608         18.9608         63.7021         126.6234
AS2E  U         29.2145         29.2145        260.7980         493.0416
CC1E  D         25.5550         25.5550         31.3451         111.5440
EC1E  U         26.3585         26.3585         25.2099         130.4253
EC2E  U         23.1102         23.1102         30.3158         124.8016
EC3E  D         21.9522         21.9522         31.7306         175.2640
 1034993     735998.0942547  -129.9812    45.9324    0.999
AS1F  U        637.3971        637.3971       1425.1525        3408.4572
AS2F  U        160.7289        160.7289        236.9112         785.7610
EC1F  U        824.1142        824.1142        810.6817        3482.3497
EC2F  U        452.5821        452.5821       1165.2889        5118.5082
EC3F  D       4631.4327       4631.4327       4149.3185       18447.2640
ID1F  D        766.1657        766.1657       1178.6336        5137.4508
 1034996     735998.0946177  -129.9810    45.9325    1.033
AS1G  U         41.4548         41.4548       1306.2302        3016.3017
AS2G  U         26.8850         26.8850        192.2763         802.1212
CC1G  D         39.7618         39.7618        170.5498         615.0316
EC1G  U         31.3291         31.3291        445.0627        2769.7702
EC2G  U         21.7883         21.7883       1262.3665        5234.7314
EC3G  D         39.4519         39.4519       5058.2383       24905.5332
ID1G  D         34.5975         34.5975       1781.6389        5678.3923
#
101   737206.3218204   -129.9953   45.9526   0.59
 511571     740014.0881289  -129.9854    45.9549    1.626
AS1A  D        102.5939        102.5939       1796.5362        1454.9259
AS2A  U         83.3963         83.3963        565.1414        1326.4799
CC1A  U        180.3201        180.3201       4128.2525        9055.1421
EC1A  U         70.3114         70.3114       4895.6064       15462.1642
EC2A  U         80.1579         80.1579       2098.1072       10726.9512
EC3A  U        126.9072        126.9072       1161.5649       24003.5225
ID1A  D        102.6952        102.6952        226.1528        1309.0410
 1084076     736043.8965269  -129.9936    45.9648    1.477
AS1B  D          1.0000          1.0000          1.0000           1.0000
AS2B  U         31.9492         31.9492         82.1590         339.5686
CC1B  U         27.6041         27.6041       1361.6829        1932.4450
EC2B  U         24.7385         24.7385        157.1474        1409.4208
EC3B  U         31.1821         31.1821        195.9854        2112.1806
ID1B  D         27.0256         27.0256         46.5116         226.7540
 1319800     737807.8406959  -129.9975    45.9511    0.344
AS1C  D         61.7286         61.7286         87.5112         386.7429
AS2C  U         61.6905         61.6905        101.6204         619.4158
CC1C  U         90.6770         90.6770       1268.6464        3292.2303
EC2C  U         74.0519         74.0519        262.1653        1524.2384
EC3C  U         74.8010         74.8010        153.9498        2405.5391
ID1C  D         72.8921         72.8921         87.1494         251.3017
 1502536     736078.2829642  -129.9976    45.9486    0.063
AS1D  D      13849.3325      13849.3325      28049.5912      258490.4784
AS2D  U      14477.1313      14477.1313      37301.7526      332425.9439
CC1D  U      38332.3360      38332.3360     456446.6364      951370.6492
EC2D  U      16822.9435      16822.9435      45562.3363      459922.1289
EC3D  U      30720.7082      30720.7082      48631.5247      590158.4896
ID1D  D       5208.4664       5208.4664      10013.0053       61998.9629
 1029361     735994.1481272  -129.9969    45.9494    0.146
AS2E  U         29.3839         29.3839         61.4809         113.0115
CC1E  U         65.0003         65.0003        775.2145        1573.6461
EC1E  U         27.9736         27.9736        216.3070        2814.7215
EC2E  U         20.8392         20.8392        147.7057         791.8169
EC3E  U         33.4085         33.4085        147.5496        1066.0821
ID1E  D         25.5299         25.5299         32.4490         116.8826
 1209585     737314.9623250  -129.9981    45.9496    0.282
AS1F  D         32.8266         32.8266         98.2287         443.1622
AS2F  U         22.3917         22.3917        212.0600         718.8023
CC1F  U         63.6359         63.6359       1211.5071        4673.8806
EC1F  U         31.8113         31.8113        222.5525        1385.1051
EC2F  U         33.4841         33.4841        194.0122        1005.6842
EC3F  U         35.3446         35.3446        124.2420        1455.9213
ID1F  D         37.6159         37.6159         82.7731         199.2849
 1202288     737191.0339751  -129.9980    45.9496    0.195
AS2G  U         34.1039         34.1039        203.8748        1135.6534
CC1G  U         40.1512         40.1512       2999.0038        7169.6186
EC1G  U         22.4570         22.4570       1832.8670       12773.6351
EC2G  U         29.7059         29.7059        787.9496        3656.6301
EC3G  U         28.4031         28.4031        520.8199        4605.6166
ID1G  D         53.6388         53.6388        110.2504         548.9575
#
102   737095.7849134   -130.0143   45.9408   0.59
 511601     740014.2527038  -130.0219    45.9383    1.028
AS1A  U        135.0951        135.0951      16617.1577       34777.0300
AS2A  U        118.9561        118.9561      23867.3415       71803.0312
CC1A  D        163.2188        163.2188       8198.2245       42325.8988
EC1A  D        190.2073        190.2073       2478.5224       20541.6531
EC2A  U        202.9066        202.9066      13744.8945       23181.0602
EC3A  D        296.9756        296.9756       9606.8029       52412.6341
ID1A  U        245.0882        245.0882       1991.7967        4328.5628
 1150146     736079.3896913  -130.0129    45.9460    0.272
AS1B  U        110.7856        110.7856        367.2235        2243.1114
CC1B  D          1.0000          1.0000          1.0000           1.0000
EC1B  D         84.7563         84.7563       1069.6013        7030.9697
EC2B  U         95.9319         95.9319        242.1396        1506.6903
EC3B  D        119.8201        119.8201        418.3970        4602.1298
ID1B  U         48.3284         48.3284        371.4603        1105.7079
 1150024     736079.3601115  -130.0163    45.9461    0.471
AS2C  U         57.7814         57.7814       1021.4741        3192.2200
CC1C  D          1.0000          1.0000          1.0000           1.0000
EC1C  D        100.5643        100.5643        701.0882        1850.8710
EC2C  U        148.4296        148.4296        294.6642         862.5134
EC3C  D         82.5182         82.5182        309.8271        2823.2360
ID1C  U         85.1074         85.1074        291.8402         888.6390
 1099069     736050.8038908  -130.0133    45.9286    1.139
AS1D  U        106.7775        106.7775       1605.4752        4021.9217
AS2D  U         92.4512         92.4512       1555.6977        6613.8421
CC1D  D          1.0000          1.0000          1.0000           1.0000
EC1D  D         93.1366         93.1366        472.4984        3522.6112
EC2D  U         54.8791         54.8791        316.2392        1915.3822
ID1D  U         51.7447         51.7447        391.9815         739.5652
 1507869     736078.6868800  -130.0114    45.9461    0.167
AS2E  U       1529.3119       1529.3119       7486.5040       91200.2373
CC1E  D       3080.7436       3080.7436     134934.9858       66473.9771
EC1E  D       1832.8631       1832.8631      14100.9587      108317.5714
EC2E  U        850.7160        850.7160       5126.2419       49388.3413
EC3E  D       1854.6421       1854.6421       7753.8788      112228.2933
ID1E  U        612.4534        612.4534       5399.7230       20350.1641
 1223543     737506.9226603  -130.0131    45.9404    0.603
AS1F  U         32.1901         32.1901         97.3092         185.1186
AS2F  U         32.1428         32.1428        168.9295         576.0701
CC1F  D         50.0183         50.0183         78.7859         230.8067
EC1F  D         46.9413         46.9413         58.1238         216.8148
EC2F  U         37.3816         37.3816         55.4932         370.6659
EC3F  D         36.4872         36.4872         63.6549         543.9601
 1324690     737861.0784564  -130.0114    45.9402    0.461
AS1G  U         27.6475         27.6475        207.2259         396.1622
AS2G  U         33.7077         33.7077        569.2497        1655.5432
CC1G  D         45.5172         45.5172         79.8992         280.3902
EC1G  D         46.2160         46.2160         62.9097         405.0413
EC2G  U         44.9592         44.9592         86.2691         458.6182
EC3G  D         38.5198         38.5198         65.0966         594.1606
#
103   736603.6360417   -129.9814   45.9420   1.76
 511685     740015.1892350  -129.9792    45.9379    1.329
AS1A  U         45.0113         45.0113       6399.3879       11528.0170
AS2A  D         45.6034         45.6034        739.1483        1884.9046
CC1A  U         43.1146         43.1146        660.1543        2564.0538
EC1A  D         48.2218         48.2218       3706.9949       12248.2162
EC2A  D         34.6634         34.6634       9900.0053       19514.9440
EC3A  D         46.3420         46.3420      13038.6405       70063.0995
ID1A  U        198.7104        198.7104        417.4149        2001.0531
 1038835     736002.1455026  -129.9809    45.9433    1.551
AS2B  D        100.3365        100.3365        410.9695        1697.6368
CC1B  U          1.0000          1.0000          1.0000           1.0000
EC1B  D        233.3127        233.3127       3427.8378       35179.9414
EC2B  D        236.0663        236.0663       4452.6684       10846.0626
EC3B  D        239.5573        239.5573       2212.0855       44677.1100
ID1B  U         94.5831         94.5831       1358.0671        2878.5635
 1048952     736015.1496605  -129.9709    45.9387    4.266
AS1C  U         26.0420         26.0420        383.4595        5086.5659
AS2C  D        150.3173        150.3173        852.1194        2134.7042
CC1C  U         41.0632         41.0632        178.7029        1781.7283
EC1C  D         31.2795         31.2795        344.3486        8986.2514
EC2C  D         16.8527         16.8527        389.1332        5454.9763
EC3C  D         33.1616         33.1616        823.0529       19153.8624
ID1C  U         23.2742         23.2742         98.9738        1864.9898
 1108191     736055.5330575  -129.9891    45.9437    0.554
AS1D  U         36.3898         36.3898        188.5008        2177.1509
AS2D  D         23.1783         23.1783        150.4701         678.8940
CC1D  U         30.1168         30.1168        236.7434         569.3904
EC1D  D         42.0310         42.0310        545.3417        4505.2453
EC2D  D         23.0269         23.0269        417.0314        3668.8849
EC3D  D         33.4434         33.4434        407.3402        4323.0860
 1120470     736061.6125497  -129.9809    45.9371    1.470
AS1E  U         42.8615         42.8615        533.5612        2454.0772
CC1E  U         77.6233         77.6233        213.0059         441.8203
EC1E  D         30.6168         30.6168        312.6220        5135.4539
EC2E  D         32.5887         32.5887       1142.2612        4693.5923
EC3E  D        136.6748        136.6748       1518.4501       47230.8242
ID1E  U         38.8595         38.8595        250.1301        3867.8280
 1060264     736028.1223464  -129.9867    45.9499    1.661
AS1F  U         53.4279         53.4279         80.1011         426.5844
AS2F  D         23.1991         23.1991         47.8514         214.7819
CC1F  U         19.9245         19.9245         41.0297         188.7800
EC1F  D         26.3055         26.3055         55.3756         504.1291
EC2F  D         26.6405         26.6405         51.8627         470.6175
EC3F  D         50.6117         50.6117         98.2362        1343.7451
 1093037     736047.6999402  -129.9818    45.9434    1.522
AS1G  U        362.9996        362.9996       3252.1791        9870.3598
AS2G  D        223.6412        223.6412       1002.2135        4398.5653
CC1G  U        786.9088        786.9088       3747.3563        5960.9700
EC1G  D        336.9191        336.9191      11475.7058      122269.6955
EC2G  D        423.2290        423.2290       6877.9796       30953.7333
EC3G  D        293.0237        293.0237       1458.0871       93056.9992
ID1G  U         83.5591         83.5591        826.6771        5190.3821
#
104   736631.8247092   -129.9993   45.9457   0.66
 511791     740016.1884274  -129.9761    45.9475    1.701
AS1A  D         71.4305         71.4305       8904.6413       12881.5343
AS2A  D         38.3046         38.3046       3566.6520        6704.0998
CC1A  U         91.7524         91.7524      25690.5872       25675.4448
EC1A  U         40.6219         40.6219      20648.0184      101288.2602
EC2A  D         51.3109         51.3109       9721.6470       69015.7124
EC3A  D         76.5439         76.5439      23120.2349       93905.8755
ID1A  D        169.6001        169.6001       3361.8695        7290.3409
 1502181     736078.2422453  -130.0000    45.9491    0.028
AS1B  D       1529.2049       1529.2049       2370.7066       28522.2151
AS2B  D       1574.7810       1574.7810      10452.9844       49394.6685
CC1B  U          1.0000          1.0000          1.0000           1.0000
EC1B  U       6644.7767       6644.7767      17985.7031      260558.2859
EC2B  D       1050.3573       1050.3573       8699.5205       61565.6097
EC3B  D       1970.3755       1970.3755       9375.6226       93051.7329
ID1B  D        893.5108        893.5108       1280.0052        8485.2545
 1157063     736081.3921941  -129.9978    45.9497    0.158
AS1C  D        190.3189        190.3189       1424.1827       19832.5252
AS2C  D        275.6297        275.6297       3069.7133        9165.1830
EC1C  U        201.8017        201.8017      12053.9183      150299.3422
EC2C  D        209.3624        209.3624       5400.0160       49901.7513
EC3C  D        256.1677        256.1677       4023.9522       77774.4845
ID1C  D          1.0000          1.0000          1.0000           1.0000
 1163121     736084.6153340  -130.0032    45.9531    0.639
AS1D  D         50.3811         50.3811        665.8327        1115.3314
CC1D  U        975.5918        975.5918       4023.7119        4023.7119
EC1D  U        174.9135        174.9135       1787.6932        1787.6932
EC2D  D        139.5711        139.5711       1772.1897        1782.2087
EC3D  D         59.1621         59.1621        902.3972        1250.4168
ID1D  D         40.7404         40.7404        580.1251         951.4468
 1088585     736045.7630417  -130.0112    45.9464    0.162
AS2E  D         41.1812         41.1812         94.4179         374.3034
CC1E  U          1.0000          1.0000          1.0000           1.0000
EC1E  U         28.5697         28.5697        188.3576        1174.7200
EC2E  D         21.2504         21.2504         96.3015         266.9276
EC3E  D         34.5699         34.5699        121.4434         639.9130
ID1E  D         28.7219         28.7219        162.6096         248.6671
 1503577     736078.3694770  -129.9867    45.9297    1.160
AS1F  D       6943.9038       6943.9038       9374.0717       18486.6987
AS2F  D       4740.7921       4740.7921      11931.1139       21912.8681
CC1F  U          1.0000          1.0000          1.0000           1.0000
EC1F  U       4398.7211       4398.7211      43000.9023      216360.9148
EC2F  D       5692.4900       5692.4900      17528.7220       61368.9365
ID1F  D       4655.1315       4655.1315       6613.4359       25840.1943
 1075187     736038.2022453  -130.0198    45.9445    0.768
AS1G  D         26.2747         26.2747         62.1605         244.3965
AS2G  D         25.6500         25.6500        138.5157         407.6953
CC1G  U         32.4234         32.4234        164.0386         364.9118
EC1G  U          1.0000          1.0000          1.0000           1.0000
EC3G  D         35.5939         35.5939         67.2889         367.5877
ID1G  D         25.4518         25.4518         34.3341         108.8630
#
105   736605.3650356   -129.9941   45.9620   1.53
 510335     740017.1429314  -129.9797    45.9545    1.946
AS1A  U         54.2861         54.2861       5125.1433        4217.2727
AS2A  U         50.9094         50.9094       2182.1976        1574.1555
CC1A  U        103.1084        103.1084      18702.3314       14515.7582
EC1A  U         49.0787         49.0787       8260.0523       32716.3877
EC2A  U         39.4386         39.4386       6061.8671       16203.5863
EC3A  U         68.7978         68.7978       4935.0006       13356.0206
ID1A  U         77.1606         77.1606        630.7268        1309.8475
 1502392     736078.2665091  -129.9922    45.9660    1.912
AS1B  U       4852.4332       4852.4332       9913.5651       77812.0153
AS2B  U       5505.7148       5505.7148      14579.0371       59725.3794
CC1B  U          1.0000          1.0000          1.0000           1.0000
EC1B  U       8352.6957       8352.6957      60013.7476      865409.6322
EC2B  U       4852.8072       4852.8072      25751.1914      252592.3818
EC3B  U       5468.0510       5468.0510      23869.0462      280586.6013
ID1B  U       2612.3850       2612.3850       6832.6949       34053.3656
 1027375     735992.4363375  -129.9984    45.9502    0.281
AS2C  U         79.0574         79.0574        275.7424        2582.7249
CC1C  U        135.5355        135.5355       2222.4809       22866.9762
EC1C  U         83.4331         83.4331        357.3040       16712.3737
EC2C  U        239.9944        239.9944       1601.7535        8589.2429
EC3C  U         59.6223         59.6223        245.7950       15164.8268
ID1C  U         64.3995         64.3995        156.5929        1365.9452
 1031741     735995.8779694  -129.9959    45.9625    1.626
AS1D  U         32.6753         32.6753        140.4720         701.9116
AS2D  U         23.7876         23.7876        275.3223         796.4474
CC1D  U          1.0000          1.0000          1.0000           1.0000
EC1D  U         31.0049         31.0049        942.2226       16255.8538
EC2D  U         23.0339         23.0339        562.1706        3440.6674
EC3D  U         36.5764         36.5764        524.1354        4868.5940
ID1D  U         39.4839         39.4839        100.2784         465.1199
 1089999     736046.6818452  -129.9946    45.9660    1.672
AS1E  U         25.6536         25.6536        110.7986         748.9225
AS2E  U         32.4241         32.4241        150.2890         670.8639
CC1E  U          1.0000          1.0000          1.0000           1.0000
EC1E  U         30.2477         30.2477        858.0391        7296.6267
EC2E  U         24.6669         24.6669        415.0461        2237.2281
EC3E  U         36.8137         36.8137        375.8309        3586.2771
ID1E  U         30.5059         30.5059        112.7478         414.1175
 1502025     736078.2223639  -130.0004    45.9700    1.790
AS1F  U       3123.3095       3123.3095      17753.1003      334872.1304
CC1F  U       6439.9661       6439.9661      35530.5612      417961.5598
EC1F  U       2876.2279       2876.2279      87153.5046     1139610.3820
EC2F  U       1350.7098       1350.7098      34775.8230      255762.9340
EC3F  U       1849.3473       1849.3473      38228.1111      390143.9227
ID1F  U          1.0000          1.0000          1.0000           1.0000
 1061518     736028.9272925  -129.9978    45.9649    1.506
AS1G  U         13.4205         13.4205         74.3505        1089.9149
AS2G  U         17.3398         17.3398        414.4559        1635.2586
CC1G  U          1.0000          1.0000          1.0000           1.0000
EC1G  U         22.4371         22.4371       2256.7450       15298.2421
EC2G  U         11.7142         11.7142        946.9977        4584.5570
EC3G  U         24.0388         24.0388        827.4468        6355.7807
ID1G  U         25.8392         25.8392        180.5797         721.6602
#
106   736599.9807981   -129.9848   45.9490   1.60
 510390     740017.3000204  -129.9793    45.9513    1.806
AS1A  U         69.9679         69.9679       1864.3834        3778.0422
AS2A  D         48.5995         48.5995       1076.7776        2172.8916
CC1A  U         91.6585         91.6585      14255.5387        8543.3666
EC1A  D         63.1170         63.1170      19460.6285       38412.4515
EC2A  D         51.3426         51.3426       6967.9867       16421.0739
EC3A  D         60.9895         60.9895       4648.3243       19560.3814
ID1A  D         97.5019         97.5019        678.0256        1345.4508
 1103418     736053.5515866  -129.9823    45.9389    1.442
AS1B  U         31.6851         31.6851        257.7204        1673.6147
AS2B  D         25.3554         25.3554        193.0330         319.6488
CC1B  U          1.0000          1.0000          1.0000           1.0000
EC1B  D         78.4909         78.4909        420.0733        3539.0596
EC2B  D         49.6438         49.6438        613.2135        4455.6890
EC3B  D        205.4025        205.4025        533.4426        8732.0672
ID1B  D         24.7885         24.7885         83.9713         210.7660
 1046478     736012.0089867  -129.9822    45.9434    1.559
AS1C  U         33.8079         33.8079        143.4876         439.2142
AS2C  D         39.9899         39.9899         52.9107         159.3811
CC1C  U          1.0000          1.0000          1.0000           1.0000
EC1C  D         23.8629         23.8629        283.3811        2529.4314
EC2C  D         29.3507         29.3507        336.3763         958.9608
EC3C  D         49.4231         49.4231         91.0813        3171.2632
ID1C  D         34.5163         34.5163         50.2961         238.0408
 1060264     736028.1223464  -129.9867    45.9499    1.661
AS1D  U         53.4279         53.4279         80.1011         426.5844
AS2D  D         23.1991         23.1991         47.8514         214.7819
CC1D  U         19.9245         19.9245         41.0297         188.7800
EC1D  D         26.3055         26.3055         55.3756         504.1291
EC2D  D         26.6405         26.6405         51.8627         470.6175
EC3D  D         50.6117         50.6117         98.2362        1343.7451
 1093114     736047.7095871  -129.9815    45.9428    1.513
AS1E  U         23.8856         23.8856        344.0926        1064.0412
AS2E  D         29.8328         29.8328         89.8912         372.2233
CC1E  U          1.0000          1.0000          1.0000           1.0000
EC1E  D         43.6720         43.6720       1045.1794        8397.6313
EC2E  D         55.2086         55.2086        882.1690        3084.4821
EC3E  D        172.0668        172.0668        894.8434        9939.6519
ID1E  D         39.9007         39.9007        156.3037         644.0036
 1034687     735998.0347294  -129.9816    45.9434    1.546
AS1F  U         69.6054         69.6054        219.2100         564.4842
AS2F  D         46.4195         46.4195        148.1946         290.0306
CC1F  U          1.0000          1.0000          1.0000           1.0000
EC1F  D         76.5921         76.5921        645.9772        6359.5860
EC2F  D         56.1608         56.1608        475.7143        1840.5863
EC3F  D        152.5199        152.5199        381.3804        5618.9052
ID1F  D         44.4451         44.4451         81.7568         411.6463
 1083284     736043.1383302  -130.0004    45.9731    1.701
AS1G  U         41.8599         41.8599        462.3437        4375.9267
AS2G  D         49.8105         49.8105       1515.5913        6311.1046
CC1G  U         76.3954         76.3954        794.7866        7521.9511
EC1G  D         63.3278         63.3278       1272.3849       20316.0053
EC2G  D         48.1114         48.1114        783.5277        6870.7030
EC3G  D         75.7961         75.7961        552.3519       13891.8293
ID1G  D         32.1298         32.1298        122.2635        1599.4687
#
107   737054.8624245   -129.9921   45.9432   1.19
 512313     740019.2942138  -129.9790    45.9428    1.589
AS1A  U         63.9184         63.9184       3870.8423        8061.4052
AS2A  U         39.3148         39.3148         41.0799        2791.3840
CC1A  U         70.8943         70.8943       2326.5192        6062.4644
EC1A  D         54.6727         54.6727       7705.7379       13135.4486
EC2A  U         39.2396         39.2396       5175.4458       19443.4026
EC3A  D         51.5210         51.5210       3186.7705       23488.4017
ID1A  U         55.9389         55.9389        565.2638        2037.9643
 1070760     736035.7962355  -129.9825    45.9422    1.522
AS1B  U         41.7276         41.7276        511.7273        1164.1850
AS2B  U         29.4501         29.4501        205.9628         408.4628
CC1B  U          1.0000          1.0000          1.0000           1.0000
EC1B  D         80.6830         80.6830        870.0064        8295.8361
EC2B  U        113.6183        113.6183        518.7784        1417.0482
EC3B  D        104.6322        104.6322       1085.1056        5297.8815
 1024527     735986.1260609  -129.9967    45.9501    0.450
AS2C  U         32.3608         32.3608         60.6482         214.7694
CC1C  U         47.4625         47.4625       1343.8131        1382.1645
EC1C  D         27.6359         27.6359        294.7969        2038.0781
EC2C  U         32.8403         32.8403         93.4180         930.6936
EC3C  D         50.6844         50.6844        116.2433        1110.8820
ID1C  U         32.9316         32.9316         44.0793         129.8136
 1202890     737199.7771279  -129.9976    45.9562    0.691
AS1D  U         21.5525         21.5525        105.0986         548.2093
AS2D  U         24.5935         24.5935        118.4805         483.2926
CC1D  U         29.2362         29.2362       1025.9234        4283.7312
EC1D  D         17.8197         17.8197        591.0060        5189.4761
EC2D  U         27.9583         27.9583        325.8458        1736.5196
EC3D  D         19.2097         19.2097        266.2735        3244.0519
ID1D  U         38.8256         38.8256         43.4773         221.6542
 1125629     736065.0081689  -129.9812    45.9363    1.491
AS1E  U         52.7315         52.7315        455.8922         324.9390
AS2E  U         28.9674         28.9674         94.2229         142.1581
CC1E  U         42.8453         42.8453         55.7832          91.4519
EC1E  D         38.2096         38.2096         60.4505         600.9744
EC3E  D         98.9683         98.9683        496.4616        4780.5433
ID1E  U         27.5584         27.5584        162.1076         365.3008
 1338520     738088.2622014  -129.9874    45.9383    1.275
AS1F  U         51.3057         51.3057        522.0987         992.2426
AS2F  U         31.8465         31.8465         76.7313         220.5513
CC1F  U          1.0000          1.0000          1.0000           1.0000
EC1F  D         34.8312         34.8312        133.0393         684.3736
EC2F  U         46.3378         46.3378        453.6607        1259.4655
EC3F  D         42.2233         42.2233        360.1168        4253.6038
ID1F  U         62.4740         62.4740        137.2557         397.9768
 1025694     735989.7729630  -130.0200    45.9368    1.285
AS1G  U         37.2779         37.2779         91.0918         260.4511
AS2G  U         39.0623         39.0623        252.4648         842.8678
CC1G  U         46.0392         46.0392        131.6654         269.6917
EC1G  D         33.8705         33.8705         48.3076         440.4016
EC2G  U         38.8962         38.8962         62.6831         459.1400
EC3G  D         50.6022         50.6022         73.9179         675.9760
#
108   736779.7608388   -129.9822   45.9390   1.49
 512315     740019.2943145  -129.9802    45.9427    1.554
AS1A  U        681.2520        681.2520      40655.6620      107347.2641
AS2A  U        574.6414        574.6414      26365.7588       44517.2052
CC1A  U        694.1429        694.1429      27390.1200       75894.6070
EC1A  D       2053.3889       2053.3889     113214.6246      135805.1379
EC2A  D       2990.1328       2990.1328      47388.2214      215081.5818
EC3A  D       3697.2448       3697.2448      37347.2979      275806.1881
ID1A  U        216.0887        216.0887       5608.3093       24020.0155
 1097692     736049.9697035  -129.9833    45.9392    1.425
AS1B  U         32.5597         32.5597       1073.9741        3568.6620
AS2B  U         32.1107         32.1107        249.1398        1078.5269
CC1B  U          1.0000          1.0000          1.0000           1.0000
EC1B  D         30.0781         30.0781        578.2613        6686.0897
EC2B  D         22.6471         22.6471        924.7495        3835.7889
EC3B  D         52.1019         52.1019       1159.0045       17599.5576
ID1B  U         35.4721         35.4721        222.0698         622.1659
 1120470     736061.6125497  -129.9809    45.9371    1.470
AS1C  U         42.8615         42.8615        533.5612        2454.0772
CC1C  U         77.6233         77.6233        213.0059         441.8203
EC1C  D         30.6168         30.6168        312.6220        5135.4539
EC2C  D         32.5887         32.5887       1142.2612        4693.5923
EC3C  D        136.6748        136.6748       1518.4501       47230.8242
ID1C  U         38.8595         38.8595        250.1301        3867.8280
 1199851     737157.3942737  -129.9837    45.9404    1.530
AS1D  U         59.6272         59.6272        269.1098        1547.9314
AS2D  U         57.6484         57.6484        222.9329         517.9065
CC1D  U          1.0000          1.0000          1.0000           1.0000
EC1D  D         75.5009         75.5009        506.6311        3956.2391
EC2D  D         71.0271         71.0271        448.3125        1703.1550
ID1D  U         60.1765         60.1765        129.9508         427.8829
 1140575     736077.7333241  -129.9817    45.9387    1.618
AS1E  U        146.5414        146.5414        891.0789         891.0789
AS2E  U         63.3304         63.3304        208.8645         324.0498
CC1E  U          1.0000          1.0000          1.0000           1.0000
EC1E  D        279.9589        279.9589        463.7252        2256.8102
EC2E  D        160.2587        160.2587        904.0567        1630.9957
EC3E  D       1730.2263       1730.2263       1549.6581       15209.3234
ID1E  U        115.2299        115.2299        189.8345         797.7542
 1053521     736019.7965148  -129.9807    45.9355    1.387
AS1F  U          1.0000          1.0000          1.0000           1.0000
AS2F  U         88.0941         88.0941       1601.9869        4063.2918
CC1F  U         61.7934         61.7934        631.8834        3804.0153
EC1F  D         61.7348         61.7348        894.6174       16433.5999
EC2F  D        759.6570        759.6570      10644.9915       16695.3411
EC3F  D       1804.5441       1804.5441      24162.4637      178839.5905
ID1F  U        444.1828        444.1828       7382.3909       18369.8613
 1134159     736072.5251916  -129.9847    45.9391    1.423
AS1G  U         37.4467         37.4467       2273.6313        5681.0985
AS2G  U         60.2175         60.2175        442.5229        1375.9590
CC1G  U          1.0000          1.0000          1.0000           1.0000
EC1G  D         40.7284         40.7284       1376.7729        7632.0288
EC2G  D         31.8235         31.8235       1552.4420        5843.3963
EC3G  D         55.8952         55.8952       2829.3343       12415.5427
ID1G  U         31.2121         31.2121        108.2096         887.3215
#
109   736779.5402838   -129.9818   45.9401   1.54
 512325     740019.2958958  -129.9794    45.9426    1.605
AS1A  U         69.5803         69.5803       6765.0430       13786.4494
AS2A  U         63.4481         63.4481         51.5893        4517.7767
CC1A  U         91.7572         91.7572       5009.9592       10815.3800
EC1A  D         51.9719         51.9719      16157.4097       21772.4499
EC2A  D         48.4638         48.4638      10999.1976       35440.4565
EC3A  D        106.7301        106.7301       5662.6241       52443.5278
ID1A  U         76.4136         76.4136        858.0765        3371.9399
 1199851     737157.3942737  -129.9837    45.9404    1.530
AS1B  U         59.6272         59.6272        269.1098        1547.9314
AS2B  U         57.6484         57.6484        222.9329         517.9065
CC1B  U          1.0000          1.0000          1.0000           1.0000
EC1B  D         75.5009         75.5009        506.6311        3956.2391
EC2B  D         71.0271         71.0271        448.3125        1703.1550
ID1B  U         60.1765         60.1765        129.9508         427.8829
 1070331     736035.7154331  -129.9823    45.9389    1.535
AS1C  U         30.9600         30.9600        191.2921         816.4065
AS2C  U         37.6019         37.6019        101.8482         216.0768
CC1C  U          1.0000          1.0000          1.0000           1.0000
EC1C  D         37.7513         37.7513        138.0397        1772.3741
EC2C  D         23.5247         23.5247        386.1513        1106.1666
EC3C  D         46.4787         46.4787        434.8895        6991.6981
ID1C  U         29.2312         29.2312         87.0524         208.1271
 1097692     736049.9697035  -129.9833    45.9392    1.425
AS1D  U         32.5597         32.5597       1073.9741        3568.6620
AS2D  U         32.1107         32.1107        249.1398        1078.5269
CC1D  U          1.0000          1.0000          1.0000           1.0000
EC1D  D         30.0781         30.0781        578.2613        6686.0897
EC2D  D         22.6471         22.6471        924.7495        3835.7889
EC3D  D         52.1019         52.1019       1159.0045       17599.5576
ID1D  U         35.4721         35.4721        222.0698         622.1659
 1140575     736077.7333241  -129.9817    45.9387    1.618
AS1E  U        146.5414        146.5414        891.0789         891.0789
AS2E  U         63.3304         63.3304        208.8645         324.0498
CC1E  U          1.0000          1.0000          1.0000           1.0000
EC1E  D        279.9589        279.9589        463.7252        2256.8102
EC2E  D        160.2587        160.2587        904.0567        1630.9957
EC3E  D       1730.2263       1730.2263       1549.6581       15209.3234
ID1E  U        115.2299        115.2299        189.8345         797.7542
 1093422     736047.7429403  -129.9820    45.9433    1.523
AS1F  U        281.9629        281.9629       1131.6120        4252.5026
AS2F  U        125.3790        125.3790        661.2140        1575.0614
CC1F  U        181.2523        181.2523        736.3177        1738.3783
EC1F  D        286.4308        286.4308       2363.2320       22810.1018
EC2F  D        241.3084        241.3084       1352.6469        9289.6954
EC3F  D        312.8672        312.8672       1188.4317       33086.8798
ID1F  U        148.6081        148.6081        493.2818        2242.9907
 1130408     736068.9304163  -129.9804    45.9377    1.511
AS1G  U        157.5071        157.5071        565.3837        1648.8830
AS2G  U         95.1309         95.1309        179.9388         397.2700
EC1G  D        284.9473        284.9473        269.1470        3444.7777
EC2G  D        209.4372        209.4372        967.1471        3217.0966
EC3G  D        839.8460        839.8460       1622.5572       18131.1917
ID1G  U        119.1761        119.1761        253.1147         737.7817
#
110   736635.6793560   -130.0076   45.9428   0.65
 512365     740019.3023580  -129.9777    45.9443    1.970
AS1A  D        252.2640        252.2640       3875.4215       15011.0975
AS2A  D        164.6236        164.6236       1300.2584        5689.3361
CC1A  D        323.4772        323.4772       2930.6648       22489.8925
EC1A  D        218.5682        218.5682       4332.6522       39612.8484
EC2A  U        249.6066        249.6066       7393.5604       38830.1346
EC3A  D        551.6179        551.6179       2527.1810       70144.8982
ID1A  D        131.8367        131.8367        431.6894        4299.4773
 1506732     736078.6016717  -130.0183    45.9400    0.920
AS1B  D       6231.2393       6231.2393      87938.9711      387798.1725
AS2B  D       4622.1309       4622.1309     161230.2163      728476.6159
CC1B  D       2978.8696       2978.8696      14715.7127      171145.1365
EC1B  D       4752.4901       4752.4901      14486.5067      158172.5097
EC2B  U       2662.0250       2662.0250      36932.2633      198844.9987
EC3B  D       3640.3057       3640.3057      31977.9471      653409.7229
ID1B  D        990.8623        990.8623      12233.6834       53637.5461
 1072302     736036.7425657  -129.9804    45.9249    0.695
AS1C  D        177.0996        177.0996       2588.0543       10401.6835
AS2C  D         66.4122         66.4122       1030.1593        5532.8461
CC1C  D         85.6436         85.6436        419.2604        3077.0861
EC1C  D        275.5614        275.5614       1859.4425       23893.1000
EC2C  U        159.8729        159.8729       2027.0526       31561.1548
ID1C  D        743.1021        743.1021      21567.2885       90697.5048
 1507456     736078.6560758  -130.0092    45.9458    0.045
AS2D  D        427.7876        427.7876       1133.8146        4401.9208
CC1D  D          1.0000          1.0000          1.0000           1.0000
EC1D  D        393.8294        393.8294       2347.1079       17789.5881
EC2D  U        258.6635        258.6635        692.8937        3599.5652
EC3D  D       1052.0645       1052.0645       1179.1878       11892.3565
ID1D  D        202.9597        202.9597        551.7705        2187.8264
 1509782     736078.8416847  -130.0400    45.9539    0.157
AS2E  D        155.4415        155.4415        571.6286        9810.4884
CC1E  D        361.5228        361.5228       5291.4922       23194.7096
EC1E  D        209.5062        209.5062       1896.5022       12172.8792
EC2E  U        203.7359        203.7359        517.5435        3857.4452
EC3E  D        638.8163        638.8163       2291.0281       14655.7564
ID1E  D          1.0000          1.0000          1.0000           1.0000
 1511061     736078.9512284  -130.0121    45.9467    0.247
AS1F  D        104.3888        104.3888        288.1835        1317.4558
CC1F  D          1.0000          1.0000          1.0000           1.0000
EC1F  D        129.2296        129.2296        542.4456        2981.7499
EC2F  U         96.2860         96.2860        167.3662         766.0931
EC3F  D        143.3377        143.3377        179.5519        1964.3659
ID1F  D         68.4325         68.4325        203.5889         575.2078
 1507511     736078.6599075  -130.0157    45.9438    0.483
AS1G  D        722.3797        722.3797       1364.8655        8567.6779
AS2G  D        919.9322        919.9322       1860.3241        6622.9363
CC1G  D          1.0000          1.0000          1.0000           1.0000
EC1G  D        717.2088        717.2088       1537.0128        6269.3734
EC2G  U        568.2174        568.2174       1113.4780        5811.8483
EC3G  D        748.8963        748.8963       1436.8966       14657.9043
#
111   737147.4412744   -129.9921   45.9496   0.77
 512522     740019.3276161  -129.9820    45.9442    1.691
AS1A  U         65.0032         65.0032       8287.0245       18230.7296
AS2A  D         42.5700         42.5700       5022.9792        6113.9300
CC1A  U         60.4282         60.4282       5310.0731       19723.8342
EC1A  D         53.3185         53.3185       5390.1588       63506.3436
EC2A  U         40.3829         40.3829      11177.1191       30366.9982
EC3A  U         59.6813         59.6813       9844.4665       44836.6102
ID1A  D         68.0015         68.0015       1531.5571        3038.0102
 1056350     736023.9563394  -129.9970    45.9495    0.108
AS1B  U          1.0000          1.0000          1.0000           1.0000
AS2B  D         31.7974         31.7974         48.7136         116.4279
CC1B  U         48.2439         48.2439        459.6880        1702.2217
EC1B  D         32.4457         32.4457        259.1344        2585.6082
EC2B  U         21.4127         21.4127        140.2872         894.1634
EC3B  U         53.0490         53.0490        127.1749        1169.3657
 1082033     736042.4812859  -129.9913    45.9461    0.242
AS1C  U         36.8369         36.8369        100.1580         268.2093
AS2C  D         28.3965         28.3965         84.2618         243.0943
CC1C  U         37.2317         37.2317        337.8044        1151.9704
EC1C  D         43.0120         43.0120        271.0546        3754.5012
EC2C  U         28.8298         28.8298        119.6403        2059.0119
EC3C  U         55.5550         55.5550        149.5709        2086.5651
 1127707     736066.8324431  -129.9963    45.9495    0.256
AS1D  U         23.9721         23.9721         36.3469          84.8924
CC1D  U         35.8673         35.8673        239.0258         474.3781
EC1D  D         34.0452         34.0452        181.4938        1548.6531
EC2D  U         19.0587         19.0587         85.4705         680.5662
EC3D  U         30.6775         30.6775         78.9156         986.9992
ID1D  D         29.4271         29.4271         39.3148         116.0100
 1205414     737273.6352817  -129.9899    45.9394    1.012
AS1E  U         26.7295         26.7295        160.4123         533.5485
AS2E  D         49.3656         49.3656        116.2970         170.3875
CC1E  U          1.0000          1.0000          1.0000           1.0000
EC1E  D         20.2904         20.2904        105.7629         614.3657
EC2E  U         33.3353         33.3353        105.1559         598.3865
ID1E  D         48.9644         48.9644         84.2938         198.2486
 1317035     737765.6166481  -129.9984    45.9628    1.594
AS2F  D         43.6158         43.6158        337.2725         571.6427
CC1F  U         93.3025         93.3025       2322.1380        5795.7149
EC1F  D         53.6828         53.6828        767.9736       10224.6412
EC2F  U         78.8933         78.8933        492.7451        2873.7095
EC3F  U         88.2881         88.2881        312.4183        4643.7320
ID1F  D         48.9401         48.9401         77.0619         460.8274
 1189820     736840.2393067  -129.9900    45.9553    0.513
AS1G  U         31.9064         31.9064        104.7401         450.7186
AS2G  D         47.8684         47.8684        397.0832         239.2274
CC1G  U         52.1909         52.1909        291.5987        1373.1584
EC1G  D         52.4188         52.4188        713.2345         713.2345
EC2G  U         64.2774         64.2774        608.7313         608.7313
EC3G  U         40.0403         40.0403        155.9104         663.6203
#
112   736768.7428034   -129.9810   45.9397   1.55
 512554     740019.3892469  -129.9794    45.9416    1.688
AS1A  U        261.2468        261.2468      20047.3235       64304.4529
AS2A  U         90.8061         90.8061       8263.5573       15535.0202
CC1A  U        118.2576        118.2576      21233.1760       42196.6572
EC1A  D        285.1514        285.1514      36448.7061       57634.9159
EC2A  D        589.3274        589.3274      27683.6582      141960.6123
EC3A  U        599.5720        599.5720      33071.6622      129932.5128
ID1A  U        111.9521        111.9521       6079.5969       19436.2094
 1199851     737157.3942737  -129.9837    45.9404    1.530
AS1B  U         59.6272         59.6272        269.1098        1547.9314
AS2B  U         57.6484         57.6484        222.9329         517.9065
CC1B  U          1.0000          1.0000          1.0000           1.0000
EC1B  D         75.5009         75.5009        506.6311        3956.2391
EC2B  D         71.0271         71.0271        448.3125        1703.1550
ID1B  U         60.1765         60.1765        129.9508         427.8829
 1070740     736035.7941130  -129.9817    45.9408    1.508
AS1C  U         32.8556         32.8556        122.3376         408.7068
CC1C  U          1.0000          1.0000          1.0000           1.0000
EC1C  D         37.8090         37.8090        192.9709        1642.0172
EC2C  D         31.2200         31.2200        191.1614         890.0505
EC3C  U         58.8408         58.8408        185.1185        3426.0735
ID1C  U         37.7238         37.7238         52.3280         167.5586
 1081662     736042.0860694  -129.9805    45.9383    1.536
AS1D  U         35.1688         35.1688        184.9911         417.1500
AS2D  U         39.4852         39.4852         52.9250         118.3691
CC1D  U          1.0000          1.0000          1.0000           1.0000
EC1D  D         42.2904         42.2904         77.6124        1084.1487
EC2D  D         22.8641         22.8641        208.1660         792.8125
EC3D  U         43.2451         43.2451        413.5472        4743.5318
 1034562     735998.0201345  -129.9822    45.9411    1.514
AS1E  U         80.5029         80.5029        653.7385        1536.2427
AS2E  U         71.0017         71.0017        213.2484         536.1611
CC1E  U          1.0000          1.0000          1.0000           1.0000
EC1E  D        106.0489        106.0489        905.4431        6294.4224
EC2E  D         60.4305         60.4305       1101.7075        2975.4967
ID1E  U         59.5146         59.5146        160.6598         580.2952
 1098858     736050.7726079  -129.9794    45.9382    1.529
AS1F  U         24.5412         24.5412        259.2714         707.6849
AS2F  U         30.7347         30.7347         78.8669         146.6661
CC1F  U          1.0000          1.0000          1.0000           1.0000
EC1F  D         25.2257         25.2257        167.0704        1237.6478
EC2F  D         19.2758         19.2758        184.5694        1596.0819
EC3F  U         36.6411         36.6411        807.4114        7054.4725
ID1F  U         28.4747         28.4747        244.1423         601.4060
 1140661     736077.7431787  -129.9797    45.9376    1.534
AS1G  U         32.0491         32.0491        649.3536        1530.4886
AS2G  U         35.8789         35.8789        201.2976         448.8036
EC1G  D         33.6718         33.6718        410.1229        3722.9071
EC2G  D         32.1778         32.1778        927.3263        2783.3028
EC3G  U         53.5367         53.5367       1688.9516       20637.9191
ID1G  U         36.8380         36.8380        326.2757        1192.8258
#
113   736631.9510072   -130.0019   45.9345   1.00
 512608     740020.0162115  -129.9993    45.9213    1.484
AS1A  D         52.9182         52.9182       5279.8460        5846.1022
AS2A  U         37.7493         37.7493       2273.5827        3268.1961
CC1A  D         80.0804         80.0804        526.8273        6763.8553
EC1A  D         48.9706         48.9706       1742.5134        3409.1177
EC2A  D         51.5740         51.5740       1525.6761        5220.0893
EC3A  D         61.3727         61.3727       1931.4625       16797.9140
ID1A  U         94.5194         94.5194       3337.5885        7142.4571
 1041904     736005.4090994  -129.9864    45.9183    1.188
AS1B  D         35.1625         35.1625         60.6671         108.9022
CC1B  D         40.0110         40.0110         53.0461          98.3224
EC1B  D         23.7048         23.7048         54.9787         205.1716
EC2B  D         21.9505         21.9505         38.6151         320.4580
EC3B  D         30.5821         30.5821         63.0971         789.3840
ID1B  U         29.9986         29.9986         95.6327         565.2622
 1507737     736078.6775366  -130.0228    45.9374    1.290
AS1C  D       1274.3231       1274.3231      17631.1251       69987.9131
AS2C  U       1551.4804       1551.4804      41496.0042      145104.1970
CC1C  D        740.2896        740.2896       5136.3718        4589.6492
EC1C  D       1429.0352       1429.0352       5272.2021       36320.2516
EC2C  D        757.3517        757.3517       6060.1972       67777.4302
ID1C  U        299.9002        299.9002       2244.8390        9522.6767
 1509163     736078.7888764  -130.0204    45.9373    1.280
AS1D  D        470.2969        470.2969       4016.2909       18583.7928
AS2D  U       1183.6923       1183.6923       9705.7245       40434.5477
CC1D  D          1.0000          1.0000          1.0000           1.0000
EC1D  D        895.8564        895.8564       2608.0918       11654.4982
EC2D  D        601.3572        601.3572       2933.4208       13935.2868
EC3D  D        859.8689        859.8689       2401.2005       48414.1070
 1126977     736066.1617530  -130.0018    45.9257    0.862
AS1E  D         25.2540         25.2540        108.9702         470.4309
AS2E  U         35.0014         35.0014        183.7655         337.7435
CC1E  D         33.6173         33.6173         53.5895          89.6018
EC1E  D         24.6080         24.6080         58.7919         261.4443
EC2E  D         21.8184         21.8184         98.0182         235.2118
EC3E  D         30.6717         30.6717        156.4406         819.2897
ID1E  U          1.0000          1.0000          1.0000           1.0000
 1170843     736096.0370633  -129.9842    45.9512    0.690
AS1F  D         78.9048         78.9048        498.5372         498.5372
AS2F  U          1.0000          1.0000          1.0000           1.0000
CC1F  D        446.2075        446.2075       2742.7369        2742.7369
EC1F  D         75.3412         75.3412        871.0459         871.0459
EC2F  D         75.6990         75.6990        709.6442         709.9475
EC3F  D         36.2524         36.2524        589.2544         760.8542
ID1F  U         24.9479         24.9479        375.0267         590.3536
 1506265     736078.5665105  -129.9987    45.9507    0.230
AS1G  D       8098.0199       8098.0199      16061.1112       80227.9471
AS2G  U       4302.1127       4302.1127      21646.9447       75355.5120
CC1G  D      26730.4846      26730.4846     125156.9738      292340.9520
EC1G  D       9024.1457       9024.1457     102037.1251      459376.1587
EC2G  D       9391.1216       9391.1216      33440.6981      102212.0235
EC3G  D       8500.3658       8500.3658      23711.7792      144147.4814
#
114   737085.8479375   -130.0092   45.9365   1.11
 512667     740020.2640700  -129.9830    45.9397    1.496
AS1A  U         68.8517         68.8517       8661.7635       16285.0739
AS2A  U         52.9450         52.9450       3978.4735        2561.4094
CC1A  U         85.3856         85.3856        682.5141        4373.4370
EC1A  U        103.3617        103.3617       1664.8619       18530.8211
EC2A  U        100.4714        100.4714       4356.4728       11498.1955
EC3A  D        311.0949        311.0949       3263.2836       35518.8034
ID1A  D         54.9013         54.9013       1645.3348        2322.6551
 1498098     738390.7338303  -130.0192    45.9376    1.064
AS1B  U          1.0000          1.0000          1.0000           1.0000
AS2B  U         35.0429         35.0429        715.8129        2184.2531
CC1B  U         29.8706         29.8706         84.3509         474.6705
EC1B  U         34.3554         34.3554         64.6299         628.0156
EC2B  U         25.1382         25.1382         80.6108         630.8501
EC3B  D         32.5232         32.5232        101.7312         871.2664
 1048031     736013.9717474  -130.0203    45.9374    1.310
AS1C  U         40.1976         40.1976        243.3534         831.4203
AS2C  U         32.5377         32.5377        430.3332        2262.9421
CC1C  U         66.1283         66.1283        333.9074        1358.6793
EC1C  U         31.8556         31.8556        133.8339        1137.6523
EC2C  U         35.4084         35.4084        206.7119        1099.6286
EC3C  D         47.0569         47.0569        177.5105        2681.9112
ID1C  D          1.0000          1.0000          1.0000           1.0000
 1024635     735986.7431602  -130.0105    45.9401    0.466
AS1D  U         26.8265         26.8265         82.7970         285.3531
AS2D  U         27.6244         27.6244        207.8711         804.6772
CC1D  U         50.0066         50.0066        105.6054         346.0663
EC1D  U         24.1767         24.1767         56.0355         393.3789
EC2D  U         25.9442         25.9442         38.1468         371.4275
EC3D  D         44.5876         44.5876         64.3395         481.6484
 1039896     736003.4837567  -129.9927    45.9280    0.907
AS1E  U         48.4504         48.4504        101.4860         659.4165
AS2E  U          1.0000          1.0000          1.0000           1.0000
EC1E  U         36.3442         36.3442         75.5621         211.2509
EC2E  U         35.1477         35.1477         70.6315         231.7885
EC3E  D         57.2703         57.2703        235.0505        1266.8125
ID1E  D         35.9554         35.9554        402.1920         834.9606
 1201492     737176.7430517  -130.0189    45.9371    1.221
AS1F  U         24.8754         24.8754        154.0687         447.5437
AS2F  U         37.5215         37.5215        260.4426        1319.7820
CC1F  U         27.3919         27.3919        106.0386         176.5505
EC1F  U         22.8596         22.8596         74.6100         679.6200
EC2F  U         27.8223         27.8223         86.0922         874.1196
EC3F  D         29.5318         29.5318         76.3199        1382.9348
 1044107     736008.9959463  -130.0198    45.9359    1.310
AS1G  U         33.3332         33.3332        177.7614         530.8335
AS2G  U         20.0679         20.0679        576.9852        1894.0970
CC1G  U         38.6636         38.6636        230.0144         700.5538
EC1G  U         21.8240         21.8240         78.4301         988.3026
EC2G  U         18.6281         18.6281         76.5645         796.4607
EC3G  D         33.4316         33.4316         97.5995        1068.0573
#
115   736634.8560226   -130.0003   45.9713   1.85
 511025     740022.8607901  -129.9963    45.9843    2.509
AS1A  D         62.1298         62.1298        705.7068        3201.4875
AS2A  U         41.1714         41.1714        914.2042        7164.2620
CC1A  D         71.2091         71.2091       1909.1865        9836.3488
EC1A  D         62.6084         62.6084       1313.8827        8829.2555
EC2A  D         48.3859         48.3859        858.6434        3553.5558
EC3A  D         85.4899         85.4899        597.9559        5023.7444
ID1A  D        110.1980        110.1980        218.0271         860.7403
 1509595     736078.8253505  -129.9968    45.9688    1.703
AS2B  U        208.6935        208.6935       1529.1122        8041.6763
CC1B  D        201.3503        201.3503       6005.9164       25539.0443
EC1B  D        178.6677        178.6677       7138.9488       52971.6515
EC2B  D        257.1647        257.1647       2525.4579       15408.6005
EC3B  D        311.1507        311.1507       2355.2880       27670.8940
ID1B  D        177.7460        177.7460        437.3922        1539.1706
 1084756     736044.0955773  -130.0000    45.9753    1.376
AS1C  D         25.9101         25.9101         95.5832         725.0959
AS2C  U         25.9642         25.9642        243.3588         965.3111
CC1C  D         46.6796         46.6796        353.2943        1873.8850
EC1C  D         76.8430         76.8430        430.5073        2354.0435
EC2C  D         30.6926         30.6926        309.8118         705.2097
EC3C  D         53.4203         53.4203        250.5486        1057.9546
ID1C  D          1.0000          1.0000          1.0000           1.0000
 1045455     736010.2188606  -130.0029    45.9771    2.626
AS1D  D         28.2461         28.2461         73.7859         214.0023
AS2D  U         24.0609         24.0609        132.8889         493.1714
CC1D  D         36.0581         36.0581         77.1150         756.8538
EC1D  D         30.7178         30.7178         64.0978         211.3052
EC2D  D         24.8240         24.8240         41.6792          89.6903
EC3D  D         24.1572         24.1572         53.0236         136.9799
 1150933     736079.5792928  -130.0153    45.9467    0.296
AS1E  D         60.4561         60.4561        238.8969        1114.8170
AS2E  U        258.6651        258.6651        300.6924        1302.3068
CC1E  D          1.0000          1.0000          1.0000           1.0000
EC1E  D         43.4626         43.4626        357.8156        3590.5314
EC3E  D        168.0681        168.0681        224.1236        2209.9427
ID1E  D         32.5517         32.5517        166.8383         354.7423
 1173600     736164.6855567  -129.9909    45.9735    2.900
AS1F  D         28.8683         28.8683         51.5366         151.1453
AS2F  U         41.7433         41.7433         55.9515         137.9859
CC1F  D         44.3845         44.3845         69.0317         422.7722
EC1F  D         23.3938         23.3938         77.4927         572.7803
EC2F  D         43.8542         43.8542         83.7234         165.7402
EC3F  D         43.8250         43.8250         70.5161         334.2688
 1083995     736043.7267300  -129.9997    45.9732    1.525
AS1G  D         78.8841         78.8841        112.7038         354.4124
AS2G  U         91.3632         91.3632        249.9498         725.2139
CC1G  D         88.2043         88.2043        326.1434        1188.5529
EC1G  D        124.3480        124.3480        290.1662        1557.3146
EC2G  D         71.9942         71.9942        156.0641         442.5449
EC3G  D         72.6266         72.6266        172.5689         693.3588
ID1G  D          1.0000          1.0000          1.0000           1.0000
#
116   736602.0341098   -129.9852   45.9451   1.22
 513515     740024.2380624  -129.9833    45.9530    1.871
AS1A  U         71.9112         71.9112       2348.6645        1879.1341
AS2A  U         56.1921         56.1921       1018.5568        1378.3471
CC1A  U        107.4272        107.4272      11112.0685        7834.9011
EC1A  D         53.8403         53.8403      16053.4319       26676.4169
EC2A  D         60.6897         60.6897       5268.6814       12558.9101
EC3A  D         74.3771         74.3771       2862.9313       14951.7893
ID1A  D        149.4717        149.4717        594.4219        1211.4090
 1093188     736047.7168270  -129.9821    45.9428    1.565
AS1B  U         29.1846         29.1846        277.2864         860.7200
AS2B  U         36.5848         36.5848        131.8101         255.3665
CC1B  U          1.0000          1.0000          1.0000           1.0000
EC1B  D         36.5672         36.5672        335.2210        2027.6070
EC2B  D         32.6557         32.6557        247.8519        1087.1392
EC3B  D         38.9046         38.9046        291.4703        4080.2973
ID1B  D         27.3788         27.3788         86.0829         439.6987
 1034564     735998.0204133  -129.9822    45.9413    1.514
AS1C  U         36.3063         36.3063        329.5161         702.5407
AS2C  U         33.5567         33.5567        132.6725         252.1340
CC1C  U          1.0000          1.0000          1.0000           1.0000
EC1C  D         35.0366         35.0366        416.2375        3050.5810
EC2C  D         29.2989         29.2989        489.9628        1358.4271
ID1C  D         52.1413         52.1413         87.7321         312.2792
 1065858     736033.7101076  -129.9814    45.9417    1.519
AS1D  U        454.6035        454.6035       1714.1447        3535.1500
AS2D  U        269.3480        269.3480        619.9898        1023.7062
CC1D  U          1.0000          1.0000          1.0000           1.0000
EC1D  D        515.5788        515.5788       1387.2453       12933.9179
EC2D  D       1013.8398       1013.8398       2338.8483        7034.6984
EC3D  D        897.4682        897.4682       3246.2041       30224.3849
ID1D  D        242.1581        242.1581        535.4033        2590.7629
 1039196     736002.3670742  -129.9972    45.9495    0.099
AS1E  U          1.0000          1.0000          1.0000           1.0000
AS2E  U         60.8359         60.8359        167.9630         412.3216
CC1E  U        145.7337        145.7337       1338.0427        3986.4528
EC1E  D         46.9053         46.9053        494.6611        7179.1375
EC2E  D         58.4301         58.4301        261.6456        1550.5879
EC3E  D         76.3247         76.3247        250.3923        2428.2866
ID1E  D         59.4314         59.4314         88.9841         226.1741
 1134070     736072.5118958  -129.9821    45.9432    1.531
AS1F  U         21.7498         21.7498        221.7728         560.8075
AS2F  U         34.9882         34.9882        249.4743         441.2663
CC1F  U          1.0000          1.0000          1.0000           1.0000
EC1F  D         75.8011         75.8011        538.0040        3525.3105
EC2F  D         45.3174         45.3174        526.7945        1274.9154
EC3F  D         77.2184         77.2184        392.0733        4344.7177
ID1F  D         24.9525         24.9525         77.0801         373.0072
 1070115     736035.6743885  -129.9880    45.9441    0.442
AS1G  U         33.5031         33.5031         80.2191         263.5680
AS2G  U         37.8956         37.8956         59.3524         107.8535
CC1G  U          1.0000          1.0000          1.0000           1.0000
EC1G  D         36.0509         36.0509        137.1247        1093.8008
EC2G  D         24.1051         24.1051        184.7250         550.4011
EC3G  D         50.9740         50.9740        105.5980        1108.8341
ID1G  D         41.5919         41.5919         80.4358         132.7298
#
117   736606.8801712   -130.0079   45.9544   1.20
 511640     740028.9553142  -130.0216    45.9444    1.411
AS1A  U         56.5132         56.5132       6347.2205       14242.3176
AS2A  D         38.3911         38.3911       6696.8705       24440.2935
CC1A  U         59.5657         59.5657      12749.7269       52684.3263
EC1A  U         48.4654         48.4654       2380.8059       11422.8878
EC2A  U         40.5121         40.5121       4206.6345       11940.3607
EC3A  U         57.5867         57.5867       5568.7882       25152.5181
ID1A  U        103.7657        103.7657        949.6393        4465.1024
 1061280     736028.6611642  -130.0172    45.9459    0.489
AS1B  U         19.7903         19.7903       2488.7297       14747.0465
AS2B  D         25.0783         25.0783       4313.4468       24649.3304
CC1B  U          1.0000          1.0000          1.0000           1.0000
EC1B  U         18.7576         18.7576       4487.1717       21079.4781
EC2B  U         16.8778         16.8778       2121.1281        9162.8266
EC3B  U         23.3262         23.3262       2621.5301       29881.2334
ID1B  U         26.1156         26.1156       2628.6704        6220.5746
 1502025     736078.2223639  -130.0004    45.9700    1.790
AS1C  U       3123.3095       3123.3095      17753.1003      334872.1304
CC1C  U       6439.9661       6439.9661      35530.5612      417961.5598
EC1C  U       2876.2279       2876.2279      87153.5046     1139610.3820
EC2C  U       1350.7098       1350.7098      34775.8230      255762.9340
EC3C  U       1849.3473       1849.3473      38228.1111      390143.9227
ID1C  U          1.0000          1.0000          1.0000           1.0000
 1037404     736000.5746832  -130.0226    45.9393    1.124
AS1D  U         61.6509         61.6509      20269.7140       62148.2166
AS2D  D         83.9307         83.9307      20503.7424       94670.2005
CC1D  U         93.9254         93.9254      26766.6455      161813.9396
EC1D  U         58.6275         58.6275       6817.6976       84055.0443
EC2D  U         56.0582         56.0582       8371.1304       75982.4647
EC3D  U         66.2362         66.2362      15622.3771      187946.9114
ID1D  U         67.6011         67.6011       2578.4570        8453.9599
 1079823     736041.0582288  -129.9978    45.9623    1.368
AS1E  U         39.3071         39.3071        123.2103         505.4532
CC1E  U          1.0000          1.0000          1.0000           1.0000
EC1E  U         34.9023         34.9023       1148.0038        8722.3094
EC2E  U         22.9135         22.9135        606.8114        2525.5331
EC3E  U         34.0879         34.0879        409.0875        3657.3007
ID1E  U         27.1378         27.1378         93.3962         373.4470
 1027372     735992.4346425  -129.9976    45.9510    0.320
AS2F  D         36.2141         36.2141        100.0482         279.0111
CC1F  U         66.7601         66.7601        658.1538        2814.7009
EC1F  U         42.2810         42.2810        189.5294        1930.7018
EC2F  U         37.2038         37.2038        161.7408        1029.0346
EC3F  U         43.2265         43.2265         92.0171        1612.5452
ID1F  U         30.4321         30.4321         50.8062         151.4215
 1502287     736078.2548016  -129.9978    45.9679    1.922
AS1G  U       2482.2381       2482.2381       4642.8072       23858.3745
AS2G  D       2197.1395       2197.1395       7353.6453       25833.5379
EC1G  U       4005.5366       4005.5366      25639.0438      224941.1632
EC2G  U       2247.1229       2247.1229       8382.6295       62627.9938
EC3G  U       3062.7905       3062.7905       9375.0175       71146.7340
ID1G  U       1886.4580       1886.4580       2121.7292        8297.5492
#
118   736818.7318578   -129.9806   45.9454   1.50
 512932     740035.6852898  -129.9783    45.9458    1.465
 1223111     737504.1162513  -129.9791    45.9448    1.493
AS1B  U        138.4201        138.4201       1416.4593         951.7534
AS2B  U         50.8467         50.8467        472.1192         637.9470
CC1B  U          1.0000          1.0000          1.0000           1.0000
EC1B  D         80.8137         80.8137        271.7413        1469.3704
EC2B  D        142.9916        142.9916        557.3532        2178.3854
EC3B  D        246.5896        246.5896       3180.0273       20904.1998
 1051766     736018.1586835  -129.9812    45.9450    1.517
AS1C  U         29.9091         29.9091        227.8159         485.7439
AS2C  U         40.5723         40.5723        105.3391         189.7061
CC1C  U         45.0207         45.0207        259.6008         518.7360
EC1C  D         30.7872         30.7872        439.6853        4363.6690
EC2C  D         37.0366         37.0366        467.5319        1224.5155
EC3C  U         44.1368         44.1368        363.8941        3301.6434
ID1C  U         44.2765         44.2765        120.7792         207.3221
 1058925     736026.7837600  -129.9804    45.9464    1.477
AS1D  U         28.5523         28.5523         84.3389         344.5872
AS2D  U         26.5686         26.5686         77.0680         126.5053
CC1D  D         35.7487         35.7487        327.7488         214.2095
EC1D  U         63.9733         63.9733        517.4966        4493.9236
EC2D  D         33.3377         33.3377        528.4676        1378.8322
EC3D  D         77.9895         77.9895        251.0126        2477.6635
 1104756     736054.0073604  -129.9816    45.9452    1.483
AS1E  U         32.7218         32.7218         99.7697         238.0947
CC1E  U         38.6142         38.6142        147.9120         160.5720
EC1E  D         50.5205         50.5205        295.9771        2637.4337
EC2E  D         52.1571         52.1571        244.7988         576.4843
EC3E  U         72.1549         72.1549        164.4758        1374.2902
ID1E  U         22.4878         22.4878         53.8029          78.1470
 1085640     736044.6401765  -129.9816    45.9452    1.527
AS1F  U         29.9572         29.9572        286.9298         793.7377
AS2F  D         28.8245         28.8245        126.4371         348.7635
CC1F  U         41.4207         41.4207        503.2605         804.3866
EC1F  D         24.3904         24.3904        906.5286        9420.5812
EC2F  D         20.1460         20.1460        784.0050        1658.9320
EC3F  D         35.3521         35.3521        618.3387        4964.3738
ID1F  D         26.5749         26.5749         78.9984         326.3368
 1093335     736047.7314829  -129.9820    45.9453    1.533
AS1G  U         36.2039         36.2039       1026.8734        3160.5669
AS2G  D         35.2100         35.2100        382.3848        1063.1096
CC1G  U         42.3537         42.3537       1417.7828        2334.1964
EC1G  D         76.3030         76.3030       2378.3801       27303.9478
EC2G  D         79.0980         79.0980       1734.1133        5716.0471
ID1G  U         44.5518         44.5518        316.1261        1019.5653
#
119   737128.0819548   -129.9813   45.9397   1.59
 512988     740035.7653322  -129.9812    45.9397    1.589
 1051171     736017.6535986  -129.9814    45.9397    1.587
AS1B  U         32.1297         32.1297        447.7289         492.1269
AS2B  U         37.1120         37.1120        133.6628         252.3505
CC1B  U         39.5456         39.5456        161.6270         340.7327
EC1B  D         28.5495         28.5495        657.4610        1660.8250
EC2B  D         33.1131         33.1131        602.4388        1213.4638
EC3B  D         97.6061         97.6061        945.8441       10158.8438
ID1B  U         44.8821         44.8821        139.4084         558.6925
 1051150     736017.6518213  -129.9814    45.9397    1.592
AS1C  U         30.0946         30.0946        593.8032         677.0565
AS2C  U         22.9412         22.9412        189.6674         319.6495
CC1C  U         38.4255         38.4255        198.0958         463.2900
EC1C  D         23.0395         23.0395        844.5802        2164.6784
EC2C  D         29.7170         29.7170        831.6032        1654.5223
EC3C  D         60.2762         60.2762       1201.9293       13125.3369
ID1C  U         23.2345         23.2345        183.6259         767.4787
 1096894     736049.6919517  -129.9809    45.9398    1.584
AS1D  U         41.7715         41.7715        103.0445         428.0769
AS2D  D         37.7379         37.7379         42.7062          91.5856
EC1D  D         40.7760         40.7760        113.4807         621.8868
EC2D  D         32.0435         32.0435        142.8108        1012.7649
EC3D  U         58.0961         58.0961        214.3735        4256.2308
ID1D  D         47.0943         47.0943         67.5333         212.3414
 1333585     738009.7063896  -129.9814    45.9397    1.581
AS1E  U         84.7240         84.7240        354.7039         538.0551
AS2E  U         56.8001         56.8001        139.2935         178.2299
CC1E  U         87.0717         87.0717        199.4414         253.2430
EC1E  D         86.4820         86.4820        202.6121         986.5058
EC2E  D         85.8038         85.8038        468.0413         682.1433
EC3E  D        311.0024        311.0024        959.8584        5788.3018
 1034339     735997.9997199  -129.9814    45.9396    1.597
AS1F  U         50.4733         50.4733        127.2085         179.2171
CC1F  U         51.2229         51.2229        107.6451         193.3345
EC1F  U         43.6764         43.6764        141.6280         562.8206
EC2F  D         35.4226         35.4226        177.6937         304.2522
EC3F  D        146.0515        146.0515        357.1999        2298.2494
ID1F  D          1.0000          1.0000          1.0000           1.0000
 1317278     737768.1048706  -129.9815    45.9396    1.589
AS1G  U         64.7743         64.7743        640.8442        1046.5026
AS2G  U         37.0043         37.0043        320.2877         352.2281
CC1G  U        135.2274        135.2274        333.3947         409.4481
EC1G  D         81.5950         81.5950        448.5294        2035.3019
EC2G  D        113.9517        113.9517       1265.4216        1714.8983
EC3G  D        121.6716        121.6716       2032.1527       11600.6742
ID1G  D         72.2059         72.2059        161.3359         745.3824
#
120   736619.7041801   -129.9815   45.9476   1.48
 513084     740036.2889141  -129.9773    45.9489    1.386
 1110472     736056.7634304  -129.9818    45.9468    1.388
AS1B  U         37.6869         37.6869        167.6599         358.5226
AS2B  U         30.6149         30.6149         86.8550         169.5506
CC1B  D         57.8498         57.8498        495.1103         390.4318
EC1B  U         35.8551         35.8551        760.5920        7742.0976
EC2B  D         26.2090         26.2090       1081.8573        2171.8651
EC3B  D         39.1780         39.1780        664.4307        4527.9435
ID1B  D         36.8126         36.8126        125.4179         288.7357
 1058925     736026.7837600  -129.9804    45.9464    1.477
AS1C  U         28.5523         28.5523         84.3389         344.5872
AS2C  U         26.5686         26.5686         77.0680         126.5053
CC1C  D         35.7487         35.7487        327.7488         214.2095
EC1C  U         63.9733         63.9733        517.4966        4493.9236
EC2C  D         33.3377         33.3377        528.4676        1378.8322
EC3C  D         77.9895         77.9895        251.0126        2477.6635
 1137266     736074.7557118  -129.9805    45.9489    1.590
AS1D  D         18.2371         18.2371        132.9091         343.4557
AS2D  U         25.5292         25.5292         94.8078         265.5298
CC1D  U         37.5767         37.5767        876.4284         547.1205
EC1D  D         19.5167         19.5167       1149.7874       12743.1213
EC2D  D         13.9614         13.9614        791.7575        2087.2665
EC3D  D         26.6537         26.6537        388.0080        3765.9067
ID1D  D         44.7594         44.7594         76.7736         238.6004
 1093629     736047.7694020  -129.9833    45.9477    1.529
AS1E  U         33.3084         33.3084        327.4476         770.1542
AS2E  D         43.3074         43.3074        100.6815         351.7236
CC1E  U         73.0793         73.0793        695.1988        1084.5986
EC1E  D         36.4282         36.4282       1481.1636        9790.2579
EC2E  D         34.2908         34.2908       1121.5711        2145.9462
EC3E  D         65.8124         65.8124        790.9343        5424.2486
ID1E  D         34.7863         34.7863         58.9336         287.5283
 1093697     736047.7836683  -129.9835    45.9472    1.516
AS1F  U         34.3833         34.3833        263.2817         601.8695
AS2F  D         24.2336         24.2336        106.7811         275.3251
CC1F  U         35.0631         35.0631        520.4882         797.7989
EC1F  D         32.8358         32.8358       1037.1768        5818.2868
EC2F  D         25.9427         25.9427        770.1522        1605.1393
EC3F  D         31.4261         31.4261        563.5676        4291.0479
 1093701     736047.7843745  -129.9836    45.9471    1.501
AS1G  U         27.9003         27.9003        265.6515         622.8535
AS2G  D         28.9107         28.9107        101.8633         269.1792
CC1G  U         33.2697         33.2697        529.3702         795.1333
EC1G  D         26.3529         26.3529       1211.5344        6159.7431
EC2G  D         19.0699         19.0699        827.4819        1694.3454
EC3G  D         29.6283         29.6283        573.1772        4581.2161
#
121   736923.9812594   -129.9778   45.9375   1.51
 513274     740037.3644502  -129.9753    45.9382    1.478
 1347844     738293.8620050  -129.9766    45.9377    1.586
AS1B  U         38.9682         38.9682        168.4809         258.8949
AS2B  D         35.0126         35.0126        116.4214          85.2558
CC1B  U         50.0273         50.0273        170.5801         147.0984
EC1B  U         48.3045         48.3045         91.0072         206.4212
EC2B  D         38.8408         38.8408        119.0493         511.7279
EC3B  D         72.6310         72.6310        228.4905         898.3395
 1056245     736023.9049935  -129.9786    45.9373    1.480
AS1C  U         37.8150         37.8150        114.6340         238.3880
CC1C  U        103.7537        103.7537        166.5792         228.3993
EC1C  U         37.1629         37.1629         55.8572         279.7080
EC2C  D         34.8211         34.8211         86.1415         640.3763
EC3C  U         98.4095         98.4095        251.9165        3029.8973
ID1C  U         39.1318         39.1318        113.3810         268.9050
 1029143     735994.0484152  -129.9786    45.9374    1.501
AS1D  U         24.9917         24.9917         74.2776         166.8046
AS2D  U          1.0000          1.0000          1.0000           1.0000
CC1D  D         41.5119         41.5119         91.0606         145.3099
EC1D  D         27.2450         27.2450        161.3222         464.2817
EC2D  D         24.8711         24.8711         53.5579         381.6147
EC3D  U         26.0083         26.0083        138.9704        1793.3935
ID1D  U         26.5533         26.5533         79.6088         161.7413
 1140432     736077.6911894  -129.9783    45.9370    1.506
AS1E  U         29.4516         29.4516        135.1802         197.9829
CC1E  D         56.8634         56.8634         88.2492          87.2747
EC1E  D         65.8574         65.8574        128.0464         557.1567
EC2E  D         22.8935         22.8935         47.7986         446.5680
EC3E  U         28.0333         28.0333        302.1950        2731.3181
ID1E  U         38.6744         38.6744        206.3898         291.8746
 1082753     736042.9884789  -129.9787    45.9374    1.511
AS1F  U         26.1802         26.1802        610.0947         878.7630
AS2F  U         37.2433         37.2433        161.9531         404.6099
CC1F  D          1.0000          1.0000          1.0000           1.0000
EC1F  D         38.9455         38.9455        163.5314        1275.4516
EC2F  D         41.0468         41.0468        625.7267        2220.4294
EC3F  D        201.6794        201.6794       1275.2057       14393.0530
ID1F  U         37.9611         37.9611        312.0149        1128.8272
 1034443     735998.0092834  -129.9788    45.9375    1.506
AS1G  U         75.3016         75.3016        281.3110         532.4630
AS2G  U         49.3571         49.3571         98.0256         159.3198
CC1G  D        117.4467        117.4467        180.2718         183.0566
EC2G  D         65.3921         65.3921        128.8938        1144.6893
EC3G  U         92.6294         92.6294        727.5949        6669.6858
ID1G  U         34.4634         34.4634        434.4864         703.7515
#
122   737147.3201091   -129.9757   45.9360   1.40
 513329     740037.3721155  -129.9709    45.9369    1.283
 1112984     736058.1562453  -129.9767    45.9370    1.230
AS1B  U         36.6989         36.6989        206.4556         842.5376
AS2B  D         37.8327         37.8327         79.3776         154.5338
CC1B  D         32.7323         32.7323        186.6788         182.0904
EC1B  D         20.1949         20.1949        126.2230        1342.9525
EC2B  U         21.2066         21.2066        294.5313        1890.0328
EC3B  U         34.3845         34.3845       1353.1978        4014.1763
ID1B  U         26.5592         26.5592        467.0239         705.1108
 1328792     737910.8752568  -129.9770    45.9366    1.462
AS1C  U         23.3951         23.3951        151.4171         291.1899
AS2C  U         31.0248         31.0248         65.2950          72.0787
CC1C  U         29.5010         29.5010         57.7395          98.6681
EC1C  U         24.3191         24.3191         43.0019         200.2814
EC2C  D         28.9640         28.9640        111.3574         607.1676
EC3C  D         32.7859         32.7859        217.1454        1069.3458
ID1C  D         45.1247         45.1247        145.6743         260.6606
 1051113     736017.6397391  -129.9762    45.9362    1.527
AS1D  U         28.9793         28.9793         84.2920          81.6294
CC1D  D         30.0447         30.0447         44.6393          71.6817
EC1D  U         29.6890         29.6890         33.6650         105.5894
EC2D  D         20.1447         20.1447         36.4939         126.3310
EC3D  D         41.0759         41.0759         74.2726         669.0764
ID1D  U         36.9030         36.9030         65.6744         131.0240
 1509147     736078.7876036  -129.9768    45.9336    1.214
AS1E  U        136.7280        136.7280        232.8291         386.8453
AS2E  U        183.5934        183.5934        194.6125         501.8708
EC1E  U        166.1602        166.1602        264.7345         443.4429
EC2E  U        159.9155        159.9155        240.1169         582.8745
EC3E  D        157.1861        157.1861        330.4787         605.5762
ID1E  U         87.8222         87.8222        206.8027         318.4797
 1050858     736017.5330928  -129.9753    45.9356    1.567
AS1F  U         35.1963         35.1963        169.6836         152.5212
CC1F  U         46.9239         46.9239         72.1462         109.1931
EC1F  U         26.2971         26.2971         52.4568         211.6545
EC2F  D         19.8456         19.8456         62.4701         237.9109
EC3F  D         39.6724         39.6724        143.7058        1425.4471
ID1F  U         35.4757         35.4757        119.2923         259.0229
 1328794     737910.8767104  -129.9768    45.9362    1.531
AS1G  U         26.3035         26.3035        460.8607         723.1895
AS2G  U         23.6941         23.6941        142.0407         153.2119
CC1G  U         38.1201         38.1201        181.6271         277.5017
EC1G  U         21.5997         21.5997         98.8987         548.8587
EC2G  D         32.5575         32.5575        322.0393        1645.6890
EC3G  D         29.8447         29.8447        650.6259        3078.5951
ID1G  D         50.6192         50.6192        382.9559         731.2517
#
123   736840.6891005   -129.9121   45.9347   0.67
 513330     740037.3721818  -129.6018    45.9656    0.364
 1151624     736079.7944663  -129.9517    45.9372    0.383
AS1B  D         64.4549         64.4549        208.2132         215.8509
AS2B  U         72.1314         72.1314        277.2059         264.2356
CC1B  U          1.0000          1.0000          1.0000           1.0000
EC1B  D         97.9627         97.9627        243.5021         805.5996
EC2B  U         70.1160         70.1160        123.4303         239.5145
EC3B  U         75.5881         75.5881        165.6958         719.4733
ID1B  D         53.7064         53.7064        287.9012         238.8562
 1080896     736041.9428536  -129.9649    45.9263    0.021
AS2C  U         26.0312         26.0312         70.6131         106.9836
CC1C  U         45.5982         45.5982         73.9810         285.0479
EC1C  U         18.3900         18.3900         48.7520         182.8680
EC2C  U         24.8866         24.8866         46.6827          94.3441
EC3C  D         26.0785         26.0785         42.7435         282.8860
ID1C  D         29.6427         29.6427        121.0967         319.0034
 1508062     736078.7017168  -129.9669    45.9267    0.148
AS2D  U        682.5016        682.5016        653.2102        1977.7552
CC1D  D          1.0000          1.0000          1.0000           1.0000
EC1D  U        425.1521        425.1521        924.3901         925.5831
EC2D  D        284.7535        284.7535        453.5883         912.1504
EC3D  D       1173.2470       1173.2470       1316.0571        4091.9205
ID1D  D        140.2528        140.2528        980.3169        1545.6377
 1101729     736052.6623176  -129.9671    45.9247    1.536
AS1E  D         29.0768         29.0768        232.4821         413.8906
AS2E  U          1.0000          1.0000          1.0000           1.0000
CC1E  D         27.9625         27.9625         61.3655         103.4016
EC1E  U         30.9744         30.9744        187.9557         789.6802
EC2E  D         21.6878         21.6878        182.0231         601.0915
ID1E  D         33.2000         33.2000       1078.0667        1729.7363
 1224697     737515.9688259  -129.9658    45.9302    1.633
AS1F  U         33.2640         33.2640         90.5464         322.9393
CC1F  D         42.3470         42.3470         60.1001          92.7680
EC1F  U         15.4287         15.4287        119.9332         525.0686
EC2F  U         31.6664         31.6664        297.7655         749.3920
EC3F  U         33.0167         33.0167        346.8696        1747.5816
ID1F  U         31.1392         31.1392       1081.3828         470.4990
 1503750     736078.3813414  -129.9662    45.9320    0.578
AS2G  D       4143.5616       4143.5616       6856.8799        9830.7726
CC1G  D       7482.7094       7482.7094      11260.8732       46524.7430
EC1G  D       4923.0689       4923.0689      23074.6893       42311.4198
EC2G  D       3937.4090       3937.4090      10511.3792       14668.8715
EC3G  U       4649.1009       4649.1009      10084.0009       76137.0967
ID1G  D       2724.6865       2724.6865       6778.5465       13513.5299
#
124   737364.5979934   -129.9612   45.9305   2.44
 513346     740037.3737707  -129.9399    45.9284    2.896
 1498659     738410.2956792  -129.9577    45.9347    3.935
AS1B  U         40.4044         40.4044       1414.4976        6740.8524
AS2B  U         23.8024         23.8024        221.2816        1594.0499
CC1B  U          1.0000          1.0000          1.0000           1.0000
EC1B  D         36.0353         36.0353        737.7132        4003.8934
EC2B  D         29.1665         29.1665       2015.9955        5915.9013
ID1B  U         65.7605         65.7605        193.0804        1646.6265
 1217717     737447.1935027  -129.9606    45.9346    3.843
AS1C  U         48.7849         48.7849       2212.7813        7270.5477
AS2C  U         45.8331         45.8331        336.8782        2574.3009
CC1C  U          1.0000          1.0000          1.0000           1.0000
EC1C  D         38.0020         38.0020        815.9826       10049.1449
EC2C  D         53.5657         53.5657       2156.2813        5788.8465
EC3C  D         62.4502         62.4502       3275.0163       65582.7338
ID1C  U         51.6331         51.6331        376.2072        3869.9045
 1101729     736052.6623176  -129.9671    45.9247    1.536
AS1D  D         29.0768         29.0768        232.4821         413.8906
AS2D  U          1.0000          1.0000          1.0000           1.0000
CC1D  D         27.9625         27.9625         61.3655         103.4016
EC1D  U         30.9744         30.9744        187.9557         789.6802
EC2D  D         21.6878         21.6878        182.0231         601.0915
ID1D  D         33.2000         33.2000       1078.0667        1729.7363
 1224697     737515.9688259  -129.9658    45.9302    1.633
AS1E  U         33.2640         33.2640         90.5464         322.9393
CC1E  D         42.3470         42.3470         60.1001          92.7680
EC1E  U         15.4287         15.4287        119.9332         525.0686
EC2E  U         31.6664         31.6664        297.7655         749.3920
EC3E  U         33.0167         33.0167        346.8696        1747.5816
ID1E  U         31.1392         31.1392       1081.3828         470.4990
 1132387     736070.9927852  -129.9664    45.9303    1.570
AS1F  U         26.0569         26.0569        191.7234         673.7910
AS2F  U         28.4802         28.4802         61.4364         226.6234
CC1F  U         18.7047         18.7047         68.4139         122.2236
EC1F  D         17.0847         17.0847        292.7307        2037.8203
EC2F  D         12.7904         12.7904        329.3163        1906.9937
ID1F  U         19.7052         19.7052       2846.0651        2977.0800
 1051396     736017.6990727  -129.9707    45.9305    1.696
AS2G  U         33.4565         33.4565       1174.5068        5340.7398
CC1G  U         68.4065         68.4065        589.6814        4525.0691
EC1G  U         45.1046         45.1046       2445.2868       28060.2582
EC2G  U         54.2175         54.2175       7153.1282       37189.3471
EC3G  U        136.7141        136.7141      16078.6926      127765.3695
ID1G  U         84.5018         84.5018      68951.5344       65474.3429
#
125   737937.0017588   -129.9758   45.9389   1.63
 513350     740037.3742211  -129.9706    45.9397    1.632
 1460625     738348.6243076  -129.9764    45.9393    1.629
AS1B  U         47.1128         47.1128        171.9948         321.0931
CC1B  U         34.0983         34.0983         95.0277         166.4955
EC1B  U         33.7225         33.7225         83.6945         322.3635
EC2B  D         33.1442         33.1442        257.6469         640.8024
EC3B  D        120.0110        120.0110        387.1332        1454.2680
ID1B  D         38.0142         38.0142         72.6026         257.7140
 1347615     738291.1324778  -129.9769    45.9385    1.610
AS1C  U         30.8652         30.8652         57.2295         114.3062
CC1C  D         47.0009         47.0009         63.6793          65.0370
EC1C  U         31.0912         31.0912         56.4282          96.7423
EC2C  D         35.5347         35.5347         59.3064         255.2694
EC3C  D         31.3990         31.3990        129.0833         309.4137
ID1C  D         50.6706         50.6706         88.6385         112.6753
 1077642     736039.9212716  -129.9767    45.9393    1.621
AS1D  U         34.5572         34.5572        241.6029         393.6782
AS2D  U          1.0000          1.0000          1.0000           1.0000
CC1D  U         38.4908         38.4908         95.4511         140.2465
EC1D  D         23.3400         23.3400        120.5133         673.0617
EC2D  D         21.0092         21.0092        270.2909         897.7896
EC3D  D         37.4081         37.4081        467.0637        1567.1249
ID1D  U         27.7237         27.7237         72.3981         339.5118
 1099027     736050.8004456  -129.9767    45.9394    1.621
AS1E  U         30.1018         30.1018        162.0934         281.6067
AS2E  U          1.0000          1.0000          1.0000           1.0000
CC1E  U         34.8961         34.8961         80.1668         116.3053
EC1E  U         31.1352         31.1352         90.9806         430.1882
EC2E  D         33.9625         33.9625        202.4307         620.0124
EC3E  D        155.1797        155.1797        404.7467        1091.0595
ID1E  D         34.9397         34.9397         58.6782         237.8601
 1347847     738293.8867862  -129.9763    45.9374    1.638
AS1F  U         40.5970         40.5970        169.4243         215.6222
CC1F  U         48.8390         48.8390         76.8500         102.6870
EC1F  U         33.7091         33.7091         54.4064         333.1768
EC2F  D         34.3289         34.3289        125.0290         553.2136
EC3F  D         43.8774         43.8774        176.4149         824.6562
ID1F  D         64.8568         64.8568         88.6591         259.9505
 1501109     738497.2728016  -129.9769    45.9389    1.686
AS1G  U        150.5928        150.5928       1986.0968        5587.4024
AS2G  U         58.9112         58.9112        675.2943        1234.8556
CC1G  U         95.1445         95.1445       1061.1642        2859.4216
EC1G  D        187.7490        187.7490       1389.1432        5931.4266
EC2G  D        359.8905        359.8905       2869.4943        6388.5278
EC3G  D        317.2386        317.2386       4958.2876       18032.9650
ID1G  D        124.2931        124.2931        656.1277        3273.8331
#
126   737090.7613379   -129.9751   45.9402   1.54
 513354     740037.3746369  -129.9735    45.9404    1.483
 1097933     736050.1870725  -129.9752    45.9406    1.454
AS1B  U         42.2709         42.2709         48.2067         281.2843
CC1B  D         35.2739         35.2739         57.7649          66.6716
EC1B  D         30.8841         30.8841         71.3856         451.6836
EC2B  U         32.7275         32.7275        209.8669         375.0421
EC3B  U         50.7600         50.7600        222.3746         469.0129
ID1B  U         26.8037         26.8037         90.9624         431.9188
 1051250     736017.6602934  -129.9722    45.9419    1.457
AS1C  U         34.9414         34.9414         87.4563         276.7973
CC1C  D         69.8739         69.8739         65.8656         113.8016
EC1C  U         60.4194         60.4194         99.6885         591.1778
EC2C  D         37.8308         37.8308         85.1409         571.6248
EC3C  D        157.2266        157.2266        153.0742        1535.8952
ID1C  U         44.5134         44.5134         86.3201         103.8649
 1099027     736050.8004456  -129.9767    45.9394    1.621
AS1D  U         30.1018         30.1018        162.0934         281.6067
AS2D  U          1.0000          1.0000          1.0000           1.0000
CC1D  U         34.8961         34.8961         80.1668         116.3053
EC1D  U         31.1352         31.1352         90.9806         430.1882
EC2D  D         33.9625         33.9625        202.4307         620.0124
EC3D  D        155.1797        155.1797        404.7467        1091.0595
ID1D  D         34.9397         34.9397         58.6782         237.8601
 1077642     736039.9212716  -129.9767    45.9393    1.621
AS1E  U         34.5572         34.5572        241.6029         393.6782
AS2E  U          1.0000          1.0000          1.0000           1.0000
CC1E  U         38.4908         38.4908         95.4511         140.2465
EC1E  D         23.3400         23.3400        120.5133         673.0617
EC2E  D         21.0092         21.0092        270.2909         897.7896
EC3E  D         37.4081         37.4081        467.0637        1567.1249
ID1E  U         27.7237         27.7237         72.3981         339.5118
 1460625     738348.6243076  -129.9764    45.9393    1.629
AS1F  U         47.1128         47.1128        171.9948         321.0931
CC1F  U         34.0983         34.0983         95.0277         166.4955
EC1F  U         33.7225         33.7225         83.6945         322.3635
EC2F  D         33.1442         33.1442        257.6469         640.8024
EC3F  D        120.0110        120.0110        387.1332        1454.2680
ID1F  D         38.0142         38.0142         72.6026         257.7140
#
127   737518.7923972   -129.9761   45.9396   1.59
 513356     740037.3750764  -129.9734    45.9402    1.581
 1460625     738348.6243076  -129.9764    45.9393    1.629
AS1B  U         47.1128         47.1128        171.9948         321.0931
CC1B  U         34.0983         34.0983         95.0277         166.4955
EC1B  U         33.7225         33.7225         83.6945         322.3635
EC2B  D         33.1442         33.1442        257.6469         640.8024
EC3B  D        120.0110        120.0110        387.1332        1454.2680
ID1B  D         38.0142         38.0142         72.6026         257.7140
 1099027     736050.8004456  -129.9767    45.9394    1.621
AS1C  U         30.1018         30.1018        162.0934         281.6067
AS2C  U          1.0000          1.0000          1.0000           1.0000
CC1C  U         34.8961         34.8961         80.1668         116.3053
EC1C  U         31.1352         31.1352         90.9806         430.1882
EC2C  D         33.9625         33.9625        202.4307         620.0124
EC3C  D        155.1797        155.1797        404.7467        1091.0595
ID1C  D         34.9397         34.9397         58.6782         237.8601
 1077642     736039.9212716  -129.9767    45.9393    1.621
AS1D  U         34.5572         34.5572        241.6029         393.6782
AS2D  U          1.0000          1.0000          1.0000           1.0000
CC1D  U         38.4908         38.4908         95.4511         140.2465
EC1D  D         23.3400         23.3400        120.5133         673.0617
EC2D  D         21.0092         21.0092        270.2909         897.7896
EC3D  D         37.4081         37.4081        467.0637        1567.1249
ID1D  U         27.7237         27.7237         72.3981         339.5118
 1323980     737853.7879926  -129.9771    45.9390    1.621
AS1E  U         29.4902         29.4902        190.8127         453.5115
AS2E  U          1.0000          1.0000          1.0000           1.0000
CC1E  U         64.3768         64.3768        117.4335         241.8892
EC1E  U         24.8995         24.8995         79.7854         382.1811
EC2E  D         38.5945         38.5945        293.5719         710.9602
EC3E  D         42.0798         42.0798        456.1692        1374.2925
ID1E  D         54.8712         54.8712        110.9341         270.9757
 1345584     738250.8506140  -129.9773    45.9396    1.633
AS1F  U         38.0709         38.0709         94.2629         298.8291
CC1F  U         71.6718         71.6718         89.6527         131.6091
EC1F  D         31.6360         31.6360         62.6330         195.9522
EC2F  D         35.1413         35.1413         91.2484         546.6959
EC3F  D         54.6941         54.6941        249.9345         938.6135
ID1F  D         49.0303         49.0303        107.3516         153.9347
 1097933     736050.1870725  -129.9752    45.9406    1.454
AS1G  U         42.2709         42.2709         48.2067         281.2843
CC1G  D         35.2739         35.2739         57.7649          66.6716
EC1G  D         30.8841         30.8841         71.3856         451.6836
EC2G  U         32.7275         32.7275        209.8669         375.0421
EC3G  U         50.7600         50.7600        222.3746         469.0129
ID1G  U         26.8037         26.8037         90.9624         431.9188
*
