             100  45  45   0 1
AS1A   202.0   57.0  1  1    0.00    0.00
AS2A   245.3   88.0  1  1    0.00    0.00
CC1A   328.5   92.8 -1 -1    0.00    0.00
EC1A    48.2   89.2  1  1    0.00    0.00
EC2A    90.0   89.6  1  1    0.00    0.00
EC3A   106.8   85.2 -1 -1    0.00    0.00
ID1A   138.6   94.1 -1 -1    0.00    0.00
AS1B   202.0   57.0  1  1    0.00    0.00
AS2B   245.3   88.0  1  1    0.00    0.00
CC1B   328.5   92.8 -1 -1    0.00    0.00
EC2B    90.0   89.6  1  1    0.00    0.00
EC3B   106.8   85.2 -1 -1    0.00    0.00
ID1B   138.6   94.1 -1 -1    0.00    0.00
AS1C   202.0   57.0  1  1    0.00    0.00
AS2C   245.3   88.0  1  1    0.00    0.00
CC1C   328.5   92.8 -1 -1    0.00    0.00
EC1C    48.2   89.2  1  1    0.00    0.00
EC2C    90.0   89.6  1  1    0.00    0.00
EC3C   106.8   85.2 -1 -1    0.00    0.00
AS1D   202.0   57.0  1  1    0.00    0.00
AS2D   245.3   88.0  1  1    0.00    0.00
CC1D   328.5   92.8 -1 -1    0.00    0.00
EC1D    48.2   89.2  1  1    0.00    0.00
EC2D    90.0   89.6  1  1    0.00    0.00
EC3D   106.8   85.2 -1 -1    0.00    0.00
ID1D   138.6   94.1 -1 -1    0.00    0.00
AS1E   202.0   57.0  1  1    0.00    0.00
AS2E   245.3   88.0  1  1    0.00    0.00
CC1E   328.5   92.8 -1 -1    0.00    0.00
EC1E    48.2   89.2  1  1    0.00    0.00
EC2E    90.0   89.6  1  1    0.00    0.00
EC3E   106.8   85.2 -1 -1    0.00    0.00
AS1F   202.0   57.0  1  1    0.00    0.00
AS2F   245.3   88.0  1  1    0.00    0.00
EC1F    48.2   89.2  1  1    0.00    0.00
EC2F    90.0   89.6  1  1    0.00    0.00
EC3F   106.8   85.2 -1 -1    0.00    0.00
ID1F   138.6   94.1 -1 -1    0.00    0.00
AS1G   202.0   57.0  1  1    0.00    0.00
AS2G   245.3   88.0  1  1    0.00    0.00
CC1G   328.5   92.8 -1 -1    0.00    0.00
EC1G    48.2   89.2  1  1    0.00    0.00
EC2G    90.0   89.6  1  1    0.00    0.00
EC3G   106.8   85.2 -1 -1    0.00    0.00
ID1G   138.6   94.1 -1 -1    0.00    0.00
             101  44  44   0 1
AS1A   188.0  119.3 -1 -1    0.00    0.00
AS2A   214.6  120.3  1  1    0.00    0.00
CC1A   282.1   92.9  1  1    0.00    0.00
EC1A   105.9   98.2  1  1    0.00    0.00
EC2A   131.0  119.8  1  1    0.00    0.00
EC3A   144.8  119.9  1  1    0.00    0.00
ID1A   155.9  122.5 -1  1    0.00    0.00
AS1B   188.0  119.3 -1 -1    0.00    0.00
AS2B   214.6  120.3  1  1    0.00    0.00
CC1B   282.1   92.9  1  1    0.00    0.00
EC2B   131.0  119.8  1  1    0.00    0.00
EC3B   144.8  119.9  1  1    0.00    0.00
ID1B   155.9  122.5 -1  1    0.00    0.00
AS1C   188.0  119.3 -1 -1    0.00    0.00
AS2C   214.6  120.3  1  1    0.00    0.00
CC1C   282.1   92.9  1  1    0.00    0.00
EC2C   131.0  119.8  1  1    0.00    0.00
EC3C   144.8  119.9  1  1    0.00    0.00
ID1C   155.9  122.5 -1  1    0.00    0.00
AS1D   188.0  119.3 -1 -1    0.00    0.00
AS2D   214.6  120.3  1  1    0.00    0.00
CC1D   282.1   92.9  1  1    0.00    0.00
EC2D   131.0  119.8  1  1    0.00    0.00
EC3D   144.8  119.9  1  1    0.00    0.00
ID1D   155.9  122.5 -1  1    0.00    0.00
AS2E   214.6  120.3  1  1    0.00    0.00
CC1E   282.1   92.9  1  1    0.00    0.00
EC1E   105.9   98.2  1  1    0.00    0.00
EC2E   131.0  119.8  1  1    0.00    0.00
EC3E   144.8  119.9  1  1    0.00    0.00
ID1E   155.9  122.5 -1  1    0.00    0.00
AS1F   188.0  119.3 -1 -1    0.00    0.00
AS2F   214.6  120.3  1  1    0.00    0.00
CC1F   282.1   92.9  1  1    0.00    0.00
EC1F   105.9   98.2  1  1    0.00    0.00
EC2F   131.0  119.8  1  1    0.00    0.00
EC3F   144.8  119.9  1  1    0.00    0.00
ID1F   155.9  122.5 -1  1    0.00    0.00
AS2G   214.6  120.3  1  1    0.00    0.00
CC1G   282.1   92.9  1  1    0.00    0.00
EC1G   105.9   98.2  1  1    0.00    0.00
EC2G   131.0  119.8  1  1    0.00    0.00
EC3G   144.8  119.9  1  1    0.00    0.00
ID1G   155.9  122.5 -1  1    0.00    0.00
             102  43  43   0 1
AS1A   124.7  102.9  1  1    0.00    0.00
AS2A   178.7   77.6  1  1    0.00    0.00
CC1A    15.3  107.7 -1 -1    0.00    0.00
EC1A    70.0  121.0 -1 -1    0.00    0.00
EC2A    92.4  122.0  1 -1    0.00    0.00
EC3A   100.8  121.0 -1  1    0.00    0.00
ID1A   120.9  122.5  1  1    0.00    0.00
AS1B   124.7  102.9  1  1    0.00    0.00
CC1B    15.3  107.7 -1 -1    0.00    0.00
EC1B    70.0  121.0 -1 -1    0.00    0.00
EC2B    92.4  122.0  1 -1    0.00    0.00
EC3B   100.8  121.0 -1  1    0.00    0.00
ID1B   120.9  122.5  1  1    0.00    0.00
AS2C   178.7   77.6  1  1    0.00    0.00
CC1C    15.3  107.7 -1 -1    0.00    0.00
EC1C    70.0  121.0 -1 -1    0.00    0.00
EC2C    92.4  122.0  1 -1    0.00    0.00
EC3C   100.8  121.0 -1  1    0.00    0.00
ID1C   120.9  122.5  1  1    0.00    0.00
AS1D   124.7  102.9  1  1    0.00    0.00
AS2D   178.7   77.6  1  1    0.00    0.00
CC1D    15.3  107.7 -1 -1    0.00    0.00
EC1D    70.0  121.0 -1 -1    0.00    0.00
EC2D    92.4  122.0  1 -1    0.00    0.00
ID1D   120.9  122.5  1  1    0.00    0.00
AS2E   178.7   77.6  1  1    0.00    0.00
CC1E    15.3  107.7 -1 -1    0.00    0.00
EC1E    70.0  121.0 -1 -1    0.00    0.00
EC2E    92.4  122.0  1 -1    0.00    0.00
EC3E   100.8  121.0 -1  1    0.00    0.00
ID1E   120.9  122.5  1  1    0.00    0.00
AS1F   124.7  102.9  1  1    0.00    0.00
AS2F   178.7   77.6  1  1    0.00    0.00
CC1F    15.3  107.7 -1 -1    0.00    0.00
EC1F    70.0  121.0 -1 -1    0.00    0.00
EC2F    92.4  122.0  1 -1    0.00    0.00
EC3F   100.8  121.0 -1  1    0.00    0.00
AS1G   124.7  102.9  1  1    0.00    0.00
AS2G   178.7   77.6  1  1    0.00    0.00
CC1G    15.3  107.7 -1 -1    0.00    0.00
EC1G    70.0  121.0 -1 -1    0.00    0.00
EC2G    92.4  122.0  1 -1    0.00    0.00
EC3G   100.8  121.0 -1  1    0.00    0.00
             103  45  45   0 1
AS1A   235.8   53.1  1  1    0.00    0.00
AS2A   250.1   68.9 -1 -1    0.00    0.00
CC1A   303.5   67.3  1  1    0.00    0.00
EC1A     8.5   31.6 -1 -1    0.00    0.00
EC2A   114.0   24.4 -1 -1    0.00    0.00
EC3A   161.6   26.3 -1 -1    0.00    0.00
ID1A   171.9   56.3  1  1    0.00    0.00
AS2B   250.1   68.9 -1 -1    0.00    0.00
CC1B   303.5   67.3  1  1    0.00    0.00
EC1B     8.5   31.6 -1 -1    0.00    0.00
EC2B   114.0   24.4 -1 -1    0.00    0.00
EC3B   161.6   26.3 -1 -1    0.00    0.00
ID1B   171.9   56.3  1  1    0.00    0.00
AS1C   235.8   53.1  1  1    0.00    0.00
AS2C   250.1   68.9 -1 -1    0.00    0.00
CC1C   303.5   67.3  1  1    0.00    0.00
EC1C     8.5   31.6 -1 -1    0.00    0.00
EC2C   114.0   24.4 -1 -1    0.00    0.00
EC3C   161.6   26.3 -1 -1    0.00    0.00
ID1C   171.9   56.3  1  1    0.00    0.00
AS1D   235.8   53.1  1  1    0.00    0.00
AS2D   250.1   68.9 -1 -1    0.00    0.00
CC1D   303.5   67.3  1  1    0.00    0.00
EC1D     8.5   31.6 -1 -1    0.00    0.00
EC2D   114.0   24.4 -1 -1    0.00    0.00
EC3D   161.6   26.3 -1 -1    0.00    0.00
AS1E   235.8   53.1  1  1    0.00    0.00
CC1E   303.5   67.3  1  1    0.00    0.00
EC1E     8.5   31.6 -1 -1    0.00    0.00
EC2E   114.0   24.4 -1 -1    0.00    0.00
EC3E   161.6   26.3 -1 -1    0.00    0.00
ID1E   171.9   56.3  1  1    0.00    0.00
AS1F   235.8   53.1  1  1    0.00    0.00
AS2F   250.1   68.9 -1 -1    0.00    0.00
CC1F   303.5   67.3  1  1    0.00    0.00
EC1F     8.5   31.6 -1 -1    0.00    0.00
EC2F   114.0   24.4 -1 -1    0.00    0.00
EC3F   161.6   26.3 -1 -1    0.00    0.00
AS1G   235.8   53.1  1  1    0.00    0.00
AS2G   250.1   68.9 -1 -1    0.00    0.00
CC1G   303.5   67.3  1  1    0.00    0.00
EC1G     8.5   31.6 -1 -1    0.00    0.00
EC2G   114.0   24.4 -1 -1    0.00    0.00
EC3G   161.6   26.3 -1 -1    0.00    0.00
ID1G   171.9   56.3  1  1    0.00    0.00
             106  48  48   0 1
AS1A   212.9   64.2  1  1    0.00    0.00
AS2A   233.2   74.2 -1 -1    0.00    0.00
CC1A   288.8   62.9  1  1    0.00    0.00
EC1A    80.8   17.5 -1 -1    0.00    0.00
EC2A   140.6   49.6 -1 -1    0.00    0.00
EC3A   161.2   53.9 -1 -1    0.00    0.00
ID1A   168.5   72.3 -1 -1    0.00    0.00
AS1B   212.9   64.2  1  1    0.00    0.00
AS2B   233.2   74.2 -1 -1    0.00    0.00
CC1B   288.8   62.9  1  1    0.00    0.00
EC1B    80.8   17.5 -1 -1    0.00    0.00
EC2B   140.6   49.6 -1 -1    0.00    0.00
EC3B   161.2   53.9 -1 -1    0.00    0.00
ID1B   168.5   72.3 -1 -1    0.00    0.00
AS1C   212.9   64.2  1  1    0.00    0.00
AS2C   233.2   74.2 -1 -1    0.00    0.00
CC1C   288.8   62.9  1  1    0.00    0.00
EC1C    80.8   17.5 -1 -1    0.00    0.00
EC2C   140.6   49.6 -1 -1    0.00    0.00
EC3C   161.2   53.9 -1 -1    0.00    0.00
ID1C   168.5   72.3 -1 -1    0.00    0.00
AS1D   212.9   64.2  1  1    0.00    0.00
AS2D   233.2   74.2 -1 -1    0.00    0.00
CC1D   288.8   62.9  1  1    0.00    0.00
EC1D    80.8   17.5 -1 -1    0.00    0.00
EC2D   140.6   49.6 -1 -1    0.00    0.00
EC3D   161.2   53.9 -1 -1    0.00    0.00
AS1E   212.9   64.2  1  1    0.00    0.00
AS2E   233.2   74.2 -1 -1    0.00    0.00
CC1E   288.8   62.9  1  1    0.00    0.00
EC1E    80.8   17.5 -1 -1    0.00    0.00
EC2E   140.6   49.6 -1 -1    0.00    0.00
EC3E   161.2   53.9 -1 -1    0.00    0.00
ID1E   168.5   72.3 -1 -1    0.00    0.00
AS1F   212.9   64.2  1  1    0.00    0.00
AS2F   233.2   74.2 -1 -1    0.00    0.00
CC1F   288.8   62.9  1  1    0.00    0.00
EC1F    80.8   17.5 -1 -1    0.00    0.00
EC2F   140.6   49.6 -1 -1    0.00    0.00
EC3F   161.2   53.9 -1 -1    0.00    0.00
ID1F   168.5   72.3 -1 -1    0.00    0.00
AS1G   212.9   64.2  1  1    0.00    0.00
AS2G   233.2   74.2 -1 -1    0.00    0.00
CC1G   288.8   62.9  1  1    0.00    0.00
EC1G    80.8   17.5 -1 -1    0.00    0.00
EC2G   140.6   49.6 -1 -1    0.00    0.00
EC3G   161.2   53.9 -1 -1    0.00    0.00
ID1G   168.5   72.3 -1 -1    0.00    0.00
             107  45  45   0 1
AS1A   207.0   60.4  1  1    0.00    0.00
AS2A   238.4   79.2  1  1    0.00    0.00
CC1A   314.7   76.1  1  1    0.00    0.00
EC1A    53.5   60.4 -1 -1    0.00    0.00
EC2A   105.3   68.2  1  1    0.00    0.00
EC3A   126.7   64.0 -1 -1    0.00    0.00
ID1A   150.5   83.0  1  1    0.00    0.00
AS1B   207.0   60.4  1  1    0.00    0.00
AS2B   238.4   79.2  1  1    0.00    0.00
CC1B   314.7   76.1  1  1    0.00    0.00
EC1B    53.5   60.4 -1 -1    0.00    0.00
EC2B   105.3   68.2  1  1    0.00    0.00
EC3B   126.7   64.0 -1 -1    0.00    0.00
AS2C   238.4   79.2  1  1    0.00    0.00
CC1C   314.7   76.1  1  1    0.00    0.00
EC1C    53.5   60.4 -1 -1    0.00    0.00
EC2C   105.3   68.2  1  1    0.00    0.00
EC3C   126.7   64.0 -1 -1    0.00    0.00
ID1C   150.5   83.0  1  1    0.00    0.00
AS1D   207.0   60.4  1  1    0.00    0.00
AS2D   238.4   79.2  1  1    0.00    0.00
CC1D   314.7   76.1  1  1    0.00    0.00
EC1D    53.5   60.4 -1 -1    0.00    0.00
EC2D   105.3   68.2  1  1    0.00    0.00
EC3D   126.7   64.0 -1 -1    0.00    0.00
ID1D   150.5   83.0  1  1    0.00    0.00
AS1E   207.0   60.4  1  1    0.00    0.00
AS2E   238.4   79.2  1  1    0.00    0.00
CC1E   314.7   76.1  1  1    0.00    0.00
EC1E    53.5   60.4 -1 -1    0.00    0.00
EC3E   126.7   64.0 -1 -1    0.00    0.00
ID1E   150.5   83.0  1  1    0.00    0.00
AS1F   207.0   60.4  1  1    0.00    0.00
AS2F   238.4   79.2  1  1    0.00    0.00
CC1F   314.7   76.1  1  1    0.00    0.00
EC1F    53.5   60.4 -1 -1    0.00    0.00
EC2F   105.3   68.2  1  1    0.00    0.00
EC3F   126.7   64.0 -1 -1    0.00    0.00
ID1F   150.5   83.0  1  1    0.00    0.00
AS1G   207.0   60.4  1  1    0.00    0.00
AS2G   238.4   79.2  1  1    0.00    0.00
CC1G   314.7   76.1  1  1    0.00    0.00
EC1G    53.5   60.4 -1 -1    0.00    0.00
EC2G   105.3   68.2  1  1    0.00    0.00
EC3G   126.7   64.0 -1 -1    0.00    0.00
             108  47  47   0 1
AS1A   245.3   55.9  1  1    0.00    0.00
AS2A   256.7   74.5  1  1    0.00    0.00
CC1A   310.1   76.4  1  1    0.00    0.00
EC1A     9.2   48.9 -1 -1    0.00    0.00
EC2A    83.4   29.8 -1 -1    0.00    0.00
EC3A   139.0   20.4 -1 -1    0.00    0.00
ID1A   167.7   57.3  1  1    0.00    0.00
AS1B   245.3   55.9  1  1    0.00    0.00
AS2B   256.7   74.5  1  1    0.00    0.00
CC1B   310.1   76.4  1  1    0.00    0.00
EC1B     9.2   48.9 -1 -1    0.00    0.00
EC2B    83.4   29.8 -1 -1    0.00    0.00
EC3B   139.0   20.4 -1 -1    0.00    0.00
ID1B   167.7   57.3  1  1    0.00    0.00
AS1C   245.3   55.9  1  1    0.00    0.00
CC1C   310.1   76.4  1  1    0.00    0.00
EC1C     9.2   48.9 -1 -1    0.00    0.00
EC2C    83.4   29.8 -1 -1    0.00    0.00
EC3C   139.0   20.4 -1 -1    0.00    0.00
ID1C   167.7   57.3  1  1    0.00    0.00
AS1D   245.3   55.9  1  1    0.00    0.00
AS2D   256.7   74.5  1  1    0.00    0.00
CC1D   310.1   76.4  1  1    0.00    0.00
EC1D     9.2   48.9 -1 -1    0.00    0.00
EC2D    83.4   29.8 -1 -1    0.00    0.00
ID1D   167.7   57.3  1  1    0.00    0.00
AS1E   245.3   55.9  1  1    0.00    0.00
AS2E   256.7   74.5  1  1    0.00    0.00
CC1E   310.1   76.4  1  1    0.00    0.00
EC1E     9.2   48.9 -1 -1    0.00    0.00
EC2E    83.4   29.8 -1 -1    0.00    0.00
EC3E   139.0   20.4 -1 -1    0.00    0.00
ID1E   167.7   57.3  1  1    0.00    0.00
AS1F   245.3   55.9  1  1    0.00    0.00
AS2F   256.7   74.5  1  1    0.00    0.00
CC1F   310.1   76.4  1  1    0.00    0.00
EC1F     9.2   48.9 -1 -1    0.00    0.00
EC2F    83.4   29.8 -1 -1    0.00    0.00
EC3F   139.0   20.4 -1 -1    0.00    0.00
ID1F   167.7   57.3  1  1    0.00    0.00
AS1G   245.3   55.9  1  1    0.00    0.00
AS2G   256.7   74.5  1  1    0.00    0.00
CC1G   310.1   76.4  1  1    0.00    0.00
EC1G     9.2   48.9 -1 -1    0.00    0.00
EC2G    83.4   29.8 -1 -1    0.00    0.00
EC3G   139.0   20.4 -1 -1    0.00    0.00
ID1G   167.7   57.3  1  1    0.00    0.00
             109  47  47   0 1
AS1A   241.3   56.2  1  1    0.00    0.00
AS2A   254.1   73.7  1  1    0.00    0.00
CC1A   307.6   74.2  1  1    0.00    0.00
EC1A     8.9   43.3 -1 -1    0.00    0.00
EC2A    95.1   27.6 -1 -1    0.00    0.00
EC3A   150.6   23.5 -1 -1    0.00    0.00
ID1A   169.5   58.5  1  1    0.00    0.00
AS1B   241.3   56.2  1  1    0.00    0.00
AS2B   254.1   73.7  1  1    0.00    0.00
CC1B   307.6   74.2  1  1    0.00    0.00
EC1B     8.9   43.3 -1 -1    0.00    0.00
EC2B    95.1   27.6 -1 -1    0.00    0.00
ID1B   169.5   58.5  1  1    0.00    0.00
AS1C   241.3   56.2  1  1    0.00    0.00
AS2C   254.1   73.7  1  1    0.00    0.00
CC1C   307.6   74.2  1  1    0.00    0.00
EC1C     8.9   43.3 -1 -1    0.00    0.00
EC2C    95.1   27.6 -1 -1    0.00    0.00
EC3C   150.6   23.5 -1 -1    0.00    0.00
ID1C   169.5   58.5  1  1    0.00    0.00
AS1D   241.3   56.2  1  1    0.00    0.00
AS2D   254.1   73.7  1  1    0.00    0.00
CC1D   307.6   74.2  1  1    0.00    0.00
EC1D     8.9   43.3 -1 -1    0.00    0.00
EC2D    95.1   27.6 -1 -1    0.00    0.00
EC3D   150.6   23.5 -1 -1    0.00    0.00
ID1D   169.5   58.5  1  1    0.00    0.00
AS1E   241.3   56.2  1  1    0.00    0.00
AS2E   254.1   73.7  1  1    0.00    0.00
CC1E   307.6   74.2  1  1    0.00    0.00
EC1E     8.9   43.3 -1 -1    0.00    0.00
EC2E    95.1   27.6 -1 -1    0.00    0.00
EC3E   150.6   23.5 -1 -1    0.00    0.00
ID1E   169.5   58.5  1  1    0.00    0.00
AS1F   241.3   56.2  1  1    0.00    0.00
AS2F   254.1   73.7  1  1    0.00    0.00
CC1F   307.6   74.2  1  1    0.00    0.00
EC1F     8.9   43.3 -1 -1    0.00    0.00
EC2F    95.1   27.6 -1 -1    0.00    0.00
EC3F   150.6   23.5 -1 -1    0.00    0.00
ID1F   169.5   58.5  1  1    0.00    0.00
AS1G   241.3   56.2  1  1    0.00    0.00
AS2G   254.1   73.7  1  1    0.00    0.00
EC1G     8.9   43.3 -1 -1    0.00    0.00
EC2G    95.1   27.6 -1 -1    0.00    0.00
EC3G   150.6   23.5 -1 -1    0.00    0.00
ID1G   169.5   58.5  1  1    0.00    0.00
             112  44  44   0 1
AS1A   244.2   56.6  1  1    0.00    0.00
AS2A   255.6   73.8  1  1    0.00    0.00
CC1A   307.7   74.7  1  1    0.00    0.00
EC1A     5.2   44.5 -1 -1    0.00    0.00
EC2A    90.0   24.7 -1 -1    0.00    0.00
EC3A   154.2   20.0  1  1    0.00    0.00
ID1A   171.5   56.7  1  1    0.00    0.00
AS1B   244.2   56.6  1  1    0.00    0.00
AS2B   255.6   73.8  1  1    0.00    0.00
CC1B   307.7   74.7  1  1    0.00    0.00
EC1B     5.2   44.5 -1 -1    0.00    0.00
EC2B    90.0   24.7 -1 -1    0.00    0.00
ID1B   171.5   56.7  1  1    0.00    0.00
AS1C   244.2   56.6  1  1    0.00    0.00
CC1C   307.7   74.7  1  1    0.00    0.00
EC1C     5.2   44.5 -1 -1    0.00    0.00
EC2C    90.0   24.7 -1 -1    0.00    0.00
EC3C   154.2   20.0  1  1    0.00    0.00
ID1C   171.5   56.7  1  1    0.00    0.00
AS1D   244.2   56.6  1  1    0.00    0.00
AS2D   255.6   73.8  1  1    0.00    0.00
CC1D   307.7   74.7  1  1    0.00    0.00
EC1D     5.2   44.5 -1 -1    0.00    0.00
EC2D    90.0   24.7 -1 -1    0.00    0.00
EC3D   154.2   20.0  1  1    0.00    0.00
AS1E   244.2   56.6  1  1    0.00    0.00
AS2E   255.6   73.8  1  1    0.00    0.00
CC1E   307.7   74.7  1  1    0.00    0.00
EC1E     5.2   44.5 -1 -1    0.00    0.00
EC2E    90.0   24.7 -1 -1    0.00    0.00
ID1E   171.5   56.7  1  1    0.00    0.00
AS1F   244.2   56.6  1  1    0.00    0.00
AS2F   255.6   73.8  1  1    0.00    0.00
CC1F   307.7   74.7  1  1    0.00    0.00
EC1F     5.2   44.5 -1 -1    0.00    0.00
EC2F    90.0   24.7 -1 -1    0.00    0.00
EC3F   154.2   20.0  1  1    0.00    0.00
ID1F   171.5   56.7  1  1    0.00    0.00
AS1G   244.2   56.6  1  1    0.00    0.00
AS2G   255.6   73.8  1  1    0.00    0.00
EC1G     5.2   44.5 -1 -1    0.00    0.00
EC2G    90.0   24.7 -1 -1    0.00    0.00
EC3G   154.2   20.0  1  1    0.00    0.00
ID1G   171.5   56.7  1  1    0.00    0.00
             113  45  45   0 1
AS1A   117.3   17.2 -1  1    0.00    0.00
AS2A   265.1   59.8  1  1    0.00    0.00
CC1A   346.3   91.6 -1 -1    0.00    0.00
EC1A    45.6   92.1 -1 -1    0.00    0.00
EC2A    75.1   91.2 -1 -1    0.00    0.00
EC3A    84.5   84.6 -1 -1    0.00    0.00
ID1A   117.9   89.2  1  1    0.00    0.00
AS1B   117.3   17.2 -1  1    0.00    0.00
CC1B   346.3   91.6 -1 -1    0.00    0.00
EC1B    45.6   92.1 -1 -1    0.00    0.00
EC2B    75.1   91.2 -1 -1    0.00    0.00
EC3B    84.5   84.6 -1 -1    0.00    0.00
ID1B   117.9   89.2  1  1    0.00    0.00
AS1C   117.3   17.2 -1  1    0.00    0.00
AS2C   265.1   59.8  1  1    0.00    0.00
CC1C   346.3   91.6 -1 -1    0.00    0.00
EC1C    45.6   92.1 -1 -1    0.00    0.00
EC2C    75.1   91.2 -1 -1    0.00    0.00
ID1C   117.9   89.2  1  1    0.00    0.00
AS1D   117.3   17.2 -1  1    0.00    0.00
AS2D   265.1   59.8  1  1    0.00    0.00
CC1D   346.3   91.6 -1 -1    0.00    0.00
EC1D    45.6   92.1 -1 -1    0.00    0.00
EC2D    75.1   91.2 -1 -1    0.00    0.00
EC3D    84.5   84.6 -1 -1    0.00    0.00
AS1E   117.3   17.2 -1  1    0.00    0.00
AS2E   265.1   59.8  1  1    0.00    0.00
CC1E   346.3   91.6 -1 -1    0.00    0.00
EC1E    45.6   92.1 -1 -1    0.00    0.00
EC2E    75.1   91.2 -1 -1    0.00    0.00
EC3E    84.5   84.6 -1 -1    0.00    0.00
ID1E   117.9   89.2  1  1    0.00    0.00
AS1F   117.3   17.2 -1  1    0.00    0.00
AS2F   265.1   59.8  1  1    0.00    0.00
CC1F   346.3   91.6 -1 -1    0.00    0.00
EC1F    45.6   92.1 -1 -1    0.00    0.00
EC2F    75.1   91.2 -1 -1    0.00    0.00
EC3F    84.5   84.6 -1 -1    0.00    0.00
ID1F   117.9   89.2  1  1    0.00    0.00
AS1G   117.3   17.2 -1  1    0.00    0.00
AS2G   265.1   59.8  1  1    0.00    0.00
CC1G   346.3   91.6 -1 -1    0.00    0.00
EC1G    45.6   92.1 -1 -1    0.00    0.00
EC2G    75.1   91.2 -1 -1    0.00    0.00
EC3G    84.5   84.6 -1 -1    0.00    0.00
             114  44  44   0 1
AS1A   113.0   50.0  1  1    0.00    0.00
AS2A   231.5   31.7  1  1    0.00    0.00
CC1A     0.6   83.3  1  1    0.00    0.00
EC1A    57.4   91.6  1  1    0.00    0.00
EC2A    82.7   92.4  1  1    0.00    0.00
EC3A    91.2   87.9 -1  1    0.00    0.00
ID1A   116.4   91.5 -1 -1    0.00    0.00
AS1B   113.0   50.0  1  1    0.00    0.00
AS2B   231.5   31.7  1  1    0.00    0.00
CC1B     0.6   83.3  1  1    0.00    0.00
EC1B    57.4   91.6  1  1    0.00    0.00
EC2B    82.7   92.4  1  1    0.00    0.00
EC3B    91.2   87.9 -1  1    0.00    0.00
AS1C   113.0   50.0  1  1    0.00    0.00
AS2C   231.5   31.7  1  1    0.00    0.00
CC1C     0.6   83.3  1  1    0.00    0.00
EC1C    57.4   91.6  1  1    0.00    0.00
EC2C    82.7   92.4  1  1    0.00    0.00
EC3C    91.2   87.9 -1  1    0.00    0.00
ID1C   116.4   91.5 -1 -1    0.00    0.00
AS1D   113.0   50.0  1  1    0.00    0.00
AS2D   231.5   31.7  1  1    0.00    0.00
CC1D     0.6   83.3  1  1    0.00    0.00
EC1D    57.4   91.6  1  1    0.00    0.00
EC2D    82.7   92.4  1  1    0.00    0.00
EC3D    91.2   87.9 -1  1    0.00    0.00
AS1E   113.0   50.0  1  1    0.00    0.00
AS2E   231.5   31.7  1  1    0.00    0.00
EC1E    57.4   91.6  1  1    0.00    0.00
EC2E    82.7   92.4  1  1    0.00    0.00
EC3E    91.2   87.9 -1  1    0.00    0.00
ID1E   116.4   91.5 -1 -1    0.00    0.00
AS1F   113.0   50.0  1  1    0.00    0.00
AS2F   231.5   31.7  1  1    0.00    0.00
CC1F     0.6   83.3  1  1    0.00    0.00
EC1F    57.4   91.6  1  1    0.00    0.00
EC2F    82.7   92.4  1  1    0.00    0.00
EC3F    91.2   87.9 -1  1    0.00    0.00
AS1G   113.0   50.0  1  1    0.00    0.00
AS2G   231.5   31.7  1  1    0.00    0.00
CC1G     0.6   83.3  1  1    0.00    0.00
EC1G    57.4   91.6  1  1    0.00    0.00
EC2G    82.7   92.4  1  1    0.00    0.00
EC3G    91.2   87.9 -1  1    0.00    0.00
             116  48  48   0 1
AS1A   220.1   72.0  1  1    0.00    0.00
AS2A   240.5   86.1  1  1    0.00    0.00
CC1A   300.0   79.9  1  1    0.00    0.00
EC1A    40.7   36.8 -1 -1    0.00    0.00
EC2A   124.8   54.6 -1 -1    0.00    0.00
EC3A   153.0   56.9 -1 -1    0.00    0.00
ID1A   165.6   81.7 -1 -1    0.00    0.00
AS1B   220.1   72.0  1  1    0.00    0.00
AS2B   240.5   86.1  1  1    0.00    0.00
CC1B   300.0   79.9  1  1    0.00    0.00
EC1B    40.7   36.8 -1 -1    0.00    0.00
EC2B   124.8   54.6 -1 -1    0.00    0.00
EC3B   153.0   56.9 -1 -1    0.00    0.00
ID1B   165.6   81.7 -1 -1    0.00    0.00
AS1C   220.1   72.0  1  1    0.00    0.00
AS2C   240.5   86.1  1  1    0.00    0.00
CC1C   300.0   79.9  1  1    0.00    0.00
EC1C    40.7   36.8 -1 -1    0.00    0.00
EC2C   124.8   54.6 -1 -1    0.00    0.00
ID1C   165.6   81.7 -1 -1    0.00    0.00
AS1D   220.1   72.0  1  1    0.00    0.00
AS2D   240.5   86.1  1  1    0.00    0.00
CC1D   300.0   79.9  1  1    0.00    0.00
EC1D    40.7   36.8 -1 -1    0.00    0.00
EC2D   124.8   54.6 -1 -1    0.00    0.00
EC3D   153.0   56.9 -1 -1    0.00    0.00
ID1D   165.6   81.7 -1 -1    0.00    0.00
AS1E   220.1   72.0  1  1    0.00    0.00
AS2E   240.5   86.1  1  1    0.00    0.00
CC1E   300.0   79.9  1  1    0.00    0.00
EC1E    40.7   36.8 -1 -1    0.00    0.00
EC2E   124.8   54.6 -1 -1    0.00    0.00
EC3E   153.0   56.9 -1 -1    0.00    0.00
ID1E   165.6   81.7 -1 -1    0.00    0.00
AS1F   220.1   72.0  1  1    0.00    0.00
AS2F   240.5   86.1  1  1    0.00    0.00
CC1F   300.0   79.9  1  1    0.00    0.00
EC1F    40.7   36.8 -1 -1    0.00    0.00
EC2F   124.8   54.6 -1 -1    0.00    0.00
EC3F   153.0   56.9 -1 -1    0.00    0.00
ID1F   165.6   81.7 -1 -1    0.00    0.00
AS1G   220.1   72.0  1  1    0.00    0.00
AS2G   240.5   86.1  1  1    0.00    0.00
CC1G   300.0   79.9  1  1    0.00    0.00
EC1G    40.7   36.8 -1 -1    0.00    0.00
EC2G   124.8   54.6 -1 -1    0.00    0.00
EC3G   153.0   56.9 -1 -1    0.00    0.00
ID1G   165.6   81.7 -1 -1    0.00    0.00
             118  38  38   0 1
AS1B   227.6   65.8  1  1    0.00    0.00
AS2B   243.6   77.8  1  1    0.00    0.00
CC1B   295.5   72.8  1  1    0.00    0.00
EC1B     8.9   22.3 -1 -1    0.00    0.00
EC2B   139.9   36.3 -1 -1    0.00    0.00
EC3B   170.8   44.0 -1 -1    0.00    0.00
AS1C   227.6   65.8  1  1    0.00    0.00
AS2C   243.6   77.8  1  1    0.00    0.00
CC1C   295.5   72.8  1  1    0.00    0.00
EC1C     8.9   22.3 -1 -1    0.00    0.00
EC2C   139.9   36.3 -1 -1    0.00    0.00
EC3C   170.8   44.0  1 -1    0.00    0.00
ID1C   174.6   69.8  1 -1    0.00    0.00
AS1D   227.6   65.8  1  1    0.00    0.00
AS2D   243.6   77.8  1  1    0.00    0.00
CC1D   295.5   72.8 -1  1    0.00    0.00
EC1D     8.9   22.3  1 -1    0.00    0.00
EC2D   139.9   36.3 -1 -1    0.00    0.00
EC3D   170.8   44.0 -1 -1    0.00    0.00
AS1E   227.6   65.8  1  1    0.00    0.00
CC1E   295.5   72.8  1  1    0.00    0.00
EC1E     8.9   22.3 -1 -1    0.00    0.00
EC2E   139.9   36.3 -1 -1    0.00    0.00
EC3E   170.8   44.0  1 -1    0.00    0.00
ID1E   174.6   69.8  1 -1    0.00    0.00
AS1F   227.6   65.8  1  1    0.00    0.00
AS2F   243.6   77.8 -1  1    0.00    0.00
CC1F   295.5   72.8  1  1    0.00    0.00
EC1F     8.9   22.3 -1 -1    0.00    0.00
EC2F   139.9   36.3 -1 -1    0.00    0.00
EC3F   170.8   44.0 -1 -1    0.00    0.00
ID1F   174.6   69.8 -1 -1    0.00    0.00
AS1G   227.6   65.8  1  1    0.00    0.00
AS2G   243.6   77.8 -1  1    0.00    0.00
CC1G   295.5   72.8  1  1    0.00    0.00
EC1G     8.9   22.3 -1 -1    0.00    0.00
EC2G   139.9   36.3 -1 -1    0.00    0.00
ID1G   174.6   69.8  1 -1    0.00    0.00
             119  39  39   0 1
AS1B   243.8   54.7  1  1    0.00    0.00
AS2B   255.5   72.3  1  1    0.00    0.00
CC1B   308.1   73.3  1  1    0.00    0.00
EC1B     6.5   43.4 -1 -1    0.00    0.00
EC2B    90.0   25.0 -1 -1    0.00    0.00
EC3B   151.2   19.8 -1 -1    0.00    0.00
ID1B   170.5   55.5  1 -1    0.00    0.00
AS1C   243.8   54.7  1  1    0.00    0.00
AS2C   255.5   72.3  1  1    0.00    0.00
CC1C   308.1   73.3  1  1    0.00    0.00
EC1C     6.5   43.4 -1 -1    0.00    0.00
EC2C    90.0   25.0 -1 -1    0.00    0.00
EC3C   151.2   19.8 -1 -1    0.00    0.00
ID1C   170.5   55.5  1 -1    0.00    0.00
AS1D   243.8   54.7  1  1    0.00    0.00
AS2D   255.5   72.3 -1  1    0.00    0.00
EC1D     6.5   43.4 -1 -1    0.00    0.00
EC2D    90.0   25.0 -1 -1    0.00    0.00
EC3D   151.2   19.8  1 -1    0.00    0.00
ID1D   170.5   55.5 -1 -1    0.00    0.00
AS1E   243.8   54.7  1  1    0.00    0.00
AS2E   255.5   72.3  1  1    0.00    0.00
CC1E   308.1   73.3  1  1    0.00    0.00
EC1E     6.5   43.4 -1 -1    0.00    0.00
EC2E    90.0   25.0 -1 -1    0.00    0.00
EC3E   151.2   19.8 -1 -1    0.00    0.00
AS1F   243.8   54.7  1  1    0.00    0.00
CC1F   308.1   73.3  1  1    0.00    0.00
EC1F     6.5   43.4  1 -1    0.00    0.00
EC2F    90.0   25.0 -1 -1    0.00    0.00
EC3F   151.2   19.8 -1 -1    0.00    0.00
ID1F   170.5   55.5 -1 -1    0.00    0.00
AS1G   243.8   54.7  1  1    0.00    0.00
AS2G   255.5   72.3  1  1    0.00    0.00
CC1G   308.1   73.3  1  1    0.00    0.00
EC1G     6.5   43.4 -1 -1    0.00    0.00
EC2G    90.0   25.0 -1 -1    0.00    0.00
EC3G   151.2   19.8 -1 -1    0.00    0.00
ID1G   170.5   55.5 -1 -1    0.00    0.00
             120  39  39   0 1
AS1B   221.1   68.8  1  1    0.00    0.00
AS2B   238.5   79.0  1  1    0.00    0.00
CC1B   290.2   71.3 -1  1    0.00    0.00
EC1B    33.2   12.3  1 -1    0.00    0.00
EC2B   146.2   45.4 -1 -1    0.00    0.00
EC3B   169.8   52.5 -1 -1    0.00    0.00
ID1B   173.7   73.9 -1 -1    0.00    0.00
AS1C   221.1   68.8  1  1    0.00    0.00
AS2C   238.5   79.0  1  1    0.00    0.00
CC1C   290.2   71.3 -1  1    0.00    0.00
EC1C    33.2   12.3  1 -1    0.00    0.00
EC2C   146.2   45.4 -1 -1    0.00    0.00
EC3C   169.8   52.5 -1 -1    0.00    0.00
AS1D   221.1   68.8 -1  1    0.00    0.00
AS2D   238.5   79.0  1  1    0.00    0.00
CC1D   290.2   71.3  1  1    0.00    0.00
EC1D    33.2   12.3 -1 -1    0.00    0.00
EC2D   146.2   45.4 -1 -1    0.00    0.00
EC3D   169.8   52.5 -1 -1    0.00    0.00
ID1D   173.7   73.9 -1 -1    0.00    0.00
AS1E   221.1   68.8  1  1    0.00    0.00
AS2E   238.5   79.0 -1  1    0.00    0.00
CC1E   290.2   71.3  1  1    0.00    0.00
EC1E    33.2   12.3 -1 -1    0.00    0.00
EC2E   146.2   45.4 -1 -1    0.00    0.00
EC3E   169.8   52.5 -1 -1    0.00    0.00
ID1E   173.7   73.9 -1 -1    0.00    0.00
AS1F   221.1   68.8  1  1    0.00    0.00
AS2F   238.5   79.0 -1  1    0.00    0.00
CC1F   290.2   71.3  1  1    0.00    0.00
EC1F    33.2   12.3 -1 -1    0.00    0.00
EC2F   146.2   45.4 -1 -1    0.00    0.00
EC3F   169.8   52.5 -1 -1    0.00    0.00
AS1G   221.1   68.8  1  1    0.00    0.00
AS2G   238.5   79.0 -1  1    0.00    0.00
CC1G   290.2   71.3  1  1    0.00    0.00
EC1G    33.2   12.3 -1 -1    0.00    0.00
EC2G   146.2   45.4 -1 -1    0.00    0.00
EC3G   169.8   52.5 -1 -1    0.00    0.00
             121  38  38   0 1
AS1B   255.2   61.1  1  1    0.00    0.00
AS2B   261.6   77.0 -1  1    0.00    0.00
CC1B   308.5   79.1  1 -1    0.00    0.00
EC1B   353.8   52.7  1 -1    0.00    0.00
EC2B    52.2   18.4 -1 -1    0.00    0.00
EC3B   198.1    8.0 -1 -1    0.00    0.00
AS1C   255.2   61.1  1  1    0.00    0.00
CC1C   308.5   79.1  1 -1    0.00    0.00
EC1C   353.8   52.7  1 -1    0.00    0.00
EC2C    52.2   18.4 -1 -1    0.00    0.00
EC3C   198.1    8.0  1 -1    0.00    0.00
ID1C   180.6   51.5  1  1    0.00    0.00
AS1D   255.2   61.1  1  1    0.00    0.00
AS2D   261.6   77.0  1  1    0.00    0.00
CC1D   308.5   79.1 -1 -1    0.00    0.00
EC1D   353.8   52.7 -1 -1    0.00    0.00
EC2D    52.2   18.4 -1 -1    0.00    0.00
EC3D   198.1    8.0  1 -1    0.00    0.00
ID1D   180.6   51.5  1  1    0.00    0.00
AS1E   255.2   61.1  1  1    0.00    0.00
CC1E   308.5   79.1 -1 -1    0.00    0.00
EC1E   353.8   52.7 -1 -1    0.00    0.00
EC2E    52.2   18.4 -1 -1    0.00    0.00
EC3E   198.1    8.0  1 -1    0.00    0.00
ID1E   180.6   51.5  1  1    0.00    0.00
AS1F   255.2   61.1  1  1    0.00    0.00
AS2F   261.6   77.0  1  1    0.00    0.00
CC1F   308.5   79.1 -1 -1    0.00    0.00
EC1F   353.8   52.7 -1 -1    0.00    0.00
EC2F    52.2   18.4 -1 -1    0.00    0.00
EC3F   198.1    8.0 -1 -1    0.00    0.00
ID1F   180.6   51.5  1  1    0.00    0.00
AS1G   255.2   61.1  1  1    0.00    0.00
AS2G   261.6   77.0  1  1    0.00    0.00
CC1G   308.5   79.1 -1 -1    0.00    0.00
EC2G    52.2   18.4 -1 -1    0.00    0.00
EC3G   198.1    8.0  1 -1    0.00    0.00
ID1G   180.6   51.5  1  1    0.00    0.00
             122  39  39   0 1
AS1B   261.5   67.3  1  1    0.00    0.00
AS2B   265.2   81.7 -1  1    0.00    0.00
CC1B   308.9   84.1 -1  1    0.00    0.00
EC1B   348.3   61.0 -1  1    0.00    0.00
EC2B    19.4   21.8  1 -1    0.00    0.00
EC3B   272.0   11.3  1 -1    0.00    0.00
ID1B   189.0   50.5  1 -1    0.00    0.00
AS1C   261.5   67.3  1  1    0.00    0.00
AS2C   265.2   81.7  1  1    0.00    0.00
CC1C   308.9   84.1  1  1    0.00    0.00
EC1C   348.3   61.0  1  1    0.00    0.00
EC2C    19.4   21.8 -1 -1    0.00    0.00
EC3C   272.0   11.3 -1 -1    0.00    0.00
ID1C   189.0   50.5 -1 -1    0.00    0.00
AS1D   261.5   67.3  1  1    0.00    0.00
CC1D   308.9   84.1 -1  1    0.00    0.00
EC1D   348.3   61.0  1  1    0.00    0.00
EC2D    19.4   21.8 -1 -1    0.00    0.00
EC3D   272.0   11.3 -1 -1    0.00    0.00
ID1D   189.0   50.5  1 -1    0.00    0.00
AS1E   261.5   67.3  1  1    0.00    0.00
AS2E   265.2   81.7  1  1    0.00    0.00
EC1E   348.3   61.0  1  1    0.00    0.00
EC2E    19.4   21.8  1 -1    0.00    0.00
EC3E   272.0   11.3 -1 -1    0.00    0.00
ID1E   189.0   50.5  1 -1    0.00    0.00
AS1F   261.5   67.3  1  1    0.00    0.00
CC1F   308.9   84.1  1  1    0.00    0.00
EC1F   348.3   61.0  1  1    0.00    0.00
EC2F    19.4   21.8 -1 -1    0.00    0.00
EC3F   272.0   11.3 -1 -1    0.00    0.00
ID1F   189.0   50.5  1 -1    0.00    0.00
AS1G   261.5   67.3  1  1    0.00    0.00
AS2G   265.2   81.7  1  1    0.00    0.00
CC1G   308.9   84.1  1  1    0.00    0.00
EC1G   348.3   61.0  1  1    0.00    0.00
EC2G    19.4   21.8 -1 -1    0.00    0.00
EC3G   272.0   11.3 -1 -1    0.00    0.00
ID1G   189.0   50.5 -1 -1    0.00    0.00
             125  39  39   0 1
AS1B   252.0   61.0  1  1    0.00    0.00
CC1B   304.6   76.0  1  1    0.00    0.00
EC1B   345.9   45.9  1  1    0.00    0.00
EC2B    59.4    7.9 -1 -1    0.00    0.00
EC3B   213.9   15.8 -1 -1    0.00    0.00
ID1B   186.6   51.9 -1 -1    0.00    0.00
AS1C   252.0   61.0  1  1    0.00    0.00
CC1C   304.6   76.0 -1  1    0.00    0.00
EC1C   345.9   45.9  1  1    0.00    0.00
EC2C    59.4    7.9 -1 -1    0.00    0.00
EC3C   213.9   15.8 -1 -1    0.00    0.00
ID1C   186.6   51.9 -1 -1    0.00    0.00
AS1D   252.0   61.0  1  1    0.00    0.00
AS2D   259.2   75.2  1  1    0.00    0.00
CC1D   304.6   76.0  1  1    0.00    0.00
EC1D   345.9   45.9 -1  1    0.00    0.00
EC2D    59.4    7.9 -1 -1    0.00    0.00
EC3D   213.9   15.8 -1 -1    0.00    0.00
ID1D   186.6   51.9  1 -1    0.00    0.00
AS1E   252.0   61.0  1  1    0.00    0.00
AS2E   259.2   75.2  1  1    0.00    0.00
CC1E   304.6   76.0  1  1    0.00    0.00
EC1E   345.9   45.9  1  1    0.00    0.00
EC2E    59.4    7.9 -1 -1    0.00    0.00
EC3E   213.9   15.8 -1 -1    0.00    0.00
ID1E   186.6   51.9 -1 -1    0.00    0.00
AS1F   252.0   61.0  1  1    0.00    0.00
CC1F   304.6   76.0  1  1    0.00    0.00
EC1F   345.9   45.9  1  1    0.00    0.00
EC2F    59.4    7.9 -1 -1    0.00    0.00
EC3F   213.9   15.8 -1 -1    0.00    0.00
ID1F   186.6   51.9 -1 -1    0.00    0.00
AS1G   252.0   61.0  1  1    0.00    0.00
AS2G   259.2   75.2  1  1    0.00    0.00
CC1G   304.6   76.0  1  1    0.00    0.00
EC1G   345.9   45.9 -1  1    0.00    0.00
EC2G    59.4    7.9 -1 -1    0.00    0.00
EC3G   213.9   15.8 -1 -1    0.00    0.00
ID1G   186.6   51.9 -1 -1    0.00    0.00
             126  32  32   0 1
AS1B   248.4   65.5  1  1    0.00    0.00
CC1B   301.8   78.2 -1  1    0.00    0.00
EC1B   341.5   44.7 -1 -1    0.00    0.00
EC2B   117.4    5.7  1 -1    0.00    0.00
EC3B   209.4   23.5  1 -1    0.00    0.00
ID1B   187.7   58.2  1 -1    0.00    0.00
AS1C   248.4   65.5  1  1    0.00    0.00
CC1C   301.8   78.2 -1  1    0.00    0.00
EC1C   341.5   44.7  1 -1    0.00    0.00
EC2C   117.4    5.7 -1 -1    0.00    0.00
EC3C   209.4   23.5 -1 -1    0.00    0.00
ID1C   187.7   58.2  1 -1    0.00    0.00
AS1D   248.4   65.5  1  1    0.00    0.00
AS2D   256.7   78.4  1  1    0.00    0.00
CC1D   301.8   78.2  1  1    0.00    0.00
EC1D   341.5   44.7  1 -1    0.00    0.00
EC2D   117.4    5.7 -1 -1    0.00    0.00
EC3D   209.4   23.5 -1 -1    0.00    0.00
ID1D   187.7   58.2 -1 -1    0.00    0.00
AS1E   248.4   65.5  1  1    0.00    0.00
AS2E   256.7   78.4  1  1    0.00    0.00
CC1E   301.8   78.2  1  1    0.00    0.00
EC1E   341.5   44.7 -1 -1    0.00    0.00
EC2E   117.4    5.7 -1 -1    0.00    0.00
EC3E   209.4   23.5 -1 -1    0.00    0.00
ID1E   187.7   58.2  1 -1    0.00    0.00
AS1F   248.4   65.5  1  1    0.00    0.00
CC1F   301.8   78.2  1  1    0.00    0.00
EC1F   341.5   44.7  1 -1    0.00    0.00
EC2F   117.4    5.7 -1 -1    0.00    0.00
EC3F   209.4   23.5 -1 -1    0.00    0.00
ID1F   187.7   58.2 -1 -1    0.00    0.00
             127  39  39   0 1
AS1B   249.1   62.2  1  1    0.00    0.00
CC1B   303.4   76.4  1  1    0.00    0.00
EC1B   346.1   44.2  1 -1    0.00    0.00
EC2B    89.9    8.2 -1 -1    0.00    0.00
EC3B   204.3   19.1 -1 -1    0.00    0.00
ID1B   185.2   55.1 -1 -1    0.00    0.00
AS1C   249.1   62.2  1  1    0.00    0.00
AS2C   257.4   76.2  1  1    0.00    0.00
CC1C   303.4   76.4  1  1    0.00    0.00
EC1C   346.1   44.2  1 -1    0.00    0.00
EC2C    89.9    8.2 -1 -1    0.00    0.00
EC3C   204.3   19.1 -1 -1    0.00    0.00
ID1C   185.2   55.1 -1 -1    0.00    0.00
AS1D   249.1   62.2  1  1    0.00    0.00
AS2D   257.4   76.2  1  1    0.00    0.00
CC1D   303.4   76.4  1  1    0.00    0.00
EC1D   346.1   44.2 -1 -1    0.00    0.00
EC2D    89.9    8.2 -1 -1    0.00    0.00
EC3D   204.3   19.1 -1 -1    0.00    0.00
ID1D   185.2   55.1  1 -1    0.00    0.00
AS1E   249.1   62.2  1  1    0.00    0.00
AS2E   257.4   76.2  1  1    0.00    0.00
CC1E   303.4   76.4  1  1    0.00    0.00
EC1E   346.1   44.2  1 -1    0.00    0.00
EC2E    89.9    8.2 -1 -1    0.00    0.00
EC3E   204.3   19.1 -1 -1    0.00    0.00
ID1E   185.2   55.1 -1 -1    0.00    0.00
AS1F   249.1   62.2  1  1    0.00    0.00
CC1F   303.4   76.4  1  1    0.00    0.00
EC1F   346.1   44.2 -1 -1    0.00    0.00
EC2F    89.9    8.2 -1 -1    0.00    0.00
EC3F   204.3   19.1 -1 -1    0.00    0.00
ID1F   185.2   55.1 -1 -1    0.00    0.00
AS1G   249.1   62.2  1  1    0.00    0.00
CC1G   303.4   76.4 -1  1    0.00    0.00
EC1G   346.1   44.2 -1 -1    0.00    0.00
EC2G    89.9    8.2  1 -1    0.00    0.00
EC3G   204.3   19.1  1 -1    0.00    0.00
ID1G   185.2   55.1  1 -1    0.00    0.00
