0 -129.98589504717,45.9341411971837
0 -129.985506197069,45.9352319831259
0 -129.985080573433,45.9363425029709
0 -129.984841480329,45.9375096687678
0 -129.984625519674,45.9391369805109
0 -129.984492585642,45.9403688558049
0 -129.984411981997,45.9410604861999
0 -129.984335961429,45.9420111779171
1 -129.981691331189,45.9278062007773
1 -129.981997826031,45.9262520332965
1 -129.983232042507,45.9161707402154
1 -129.983410927712,45.9138674452233
2 -130.004180055948,45.8619772595437
2 -130.003116405713,45.864870084348
2 -130.002602199209,45.8661569697819
2 -130.001641564937,45.8688498541739
2 -130.000510902142,45.8717749268161
2 -129.999671252054,45.8738997535857
3 -129.984796975043,45.9418263253303
3 -129.984625291768,45.9436971888171
3 -129.984683662685,45.9450659794896
3 -129.984991713686,45.9470398696111
3 -129.985118575268,45.9484199757836
3 -129.985351705918,45.9500170612805
3 -129.985368561893,45.9500050090412
4 -129.981407427296,45.9361464413251
4 -129.981465287603,45.9344479522152
4 -129.981566226374,45.9333337622022
4 -129.981772660862,45.9313642545568
4 -129.982188211519,45.9286304511721
4 -129.982344543566,45.9275028375759
5 -129.987591323365,45.9509588979416
5 -129.987629898753,45.9512086091943
5 -129.987669531927,45.9515178457169
5 -129.987795560638,45.9518858698447
5 -129.987904946507,45.9522778514655
5 -129.987927725887,45.9525991404326
5 -129.988002343762,45.952955701841
5 -129.988027451365,45.9534079463396
6 -129.989754788548,45.9542592238787
6 -129.989934924553,45.9551721119542
6 -129.990115130332,45.9560885710656
6 -129.990244229597,45.9567232796623
6 -129.99060183317,45.9581097125914
6 -129.990895111237,45.9596217240381
7 -129.998518637305,45.8773189848805
7 -129.998190639281,45.8781556812532
7 -129.997933945175,45.8788628790129
7 -129.997748554987,45.8795003452861
7 -129.997700443607,45.8797145448832
7 -129.997614888678,45.8799786791123
7 -129.997479705464,45.8804098920671
7 -129.997362340716,45.8808027876194
8 -129.996917950562,45.882277844458
8 -129.996747619754,45.883127456733
8 -129.996542375593,45.8838702241801
8 -129.996337131432,45.8847563196388
9 -129.99535753536,45.8915990142651
9 -129.994599286901,45.8935753606846
9 -129.99424059266,45.8945386746291
9 -129.994070387711,45.8951986316949
9 -129.993899258307,45.8959354832706
10 -129.995272645624,45.8887535748946
10 -129.995567388502,45.8876621028906
